0.055251 0.062211 1
0.016161 0.016760 1
0.019265 0.019887 1
0.021076 0.021961 0
0.010609 0.010007 0
0.022819 0.023314 0
0.049298 0.055734 0
0.066476 0.061355 1
0.023597 0.020776 0
0.023659 0.019662 1
0.016161 0.016846 0
0.022160 0.024083 1
0.036519 0.040601 1
0.034475 0.035875 1
0.036519 0.038211 1
0.037776 0.038813 1
0.038548 0.037717 1
0.039014 0.035978 0
0.039278 0.034652 0
0.016161 0.015370 0
0.019265 0.020239 1
0.031125 0.032455 1
0.038437 0.040181 0
0.042967 0.044971 0
0.045786 0.047947 1
0.047544 0.049156 1
0.048635 0.048359 1
0.049298 0.046694 0
0.049674 0.044454 1
0.049845 0.043006 0
0.022160 0.023040 1
0.034475 0.036714 1
0.068176 0.070804 1
0.048345 0.051167 1
0.051750 0.054646 0
0.053902 0.056191 0
0.055251 0.056055 1
0.056077 0.054853 0
0.064041 0.068279 1
0.067468 0.071208 0
0.022160 0.023702 1
0.036519 0.039209 1
0.037776 0.038313 1
0.051750 0.055182 0
0.065305 0.069295 0
0.058026 0.060429 1
0.039397 0.040700 1
0.019265 0.012614 0
0.061078 0.060295 0
0.037776 0.041751 1
0.065305 0.068145 1
0.049298 0.049639 0
0.047544 0.050373 1
0.053902 0.056725 1
0.058026 0.059926 1
0.055579 0.060310 1
0.062382 0.063543 1
0.063434 0.063890 1
0.064041 0.063413 1
0.064319 0.061473 1
0.023220 0.024574 0
0.038548 0.040490 1
0.048635 0.050359 0
0.055251 0.056384 1
0.061328 0.054945 0
0.062382 0.061387 0
0.064183 0.063122 1
0.065305 0.064579 0
0.065956 0.064391 1
0.066253 0.063093 0
0.064041 0.060170 0
0.039014 0.040509 1
0.049298 0.050817 0
0.056077 0.056681 0
0.060529 0.059307 1
0.063434 0.061064 0
0.065305 0.063111 1
0.066476 0.065650 0
0.031125 0.032166 0
0.067468 0.063967 1
0.023597 0.025059 1
0.039278 0.041503 1
0.021076 0.022971 1
0.056549 0.057575 1
0.061078 0.060183 1
0.064041 0.062876 0
0.065956 0.065457 0
0.067156 0.067144 1
0.067855 0.067824 1
0.068176 0.066735 0
0.023659 0.025329 1
0.039397 0.042205 1
0.049845 0.052656 1
0.056764 0.058727 0
0.061328 0.062545 0
0.064319 0.064758 1
0.066253 0.068189 1
0.067468 0.070104 1
0.068176 0.070387 1
0.068501 0.069357 1
0.067156 0.064114 1
0.064319 0.064992 0
0.039278 0.039278 1
0.061078 0.064025 0
0.023659 0.024379 0
0.051750 0.054159 1
0.064041 0.067239 1
0.023220 0.025394 1
0.067156 0.067981 0
0.056549 0.058402 1
0.059575 0.062597 1
0.064183 0.067970 0
0.031125 0.018151 1
0.022819 0.017455 1
0.056549 0.047969 0
0.036519 0.025586 0
0.060529 0.055461 1
0.049298 0.040874 1
0.042967 0.023639 0
0.056077 0.063020 1
0.062382 0.055560 1
0.016161 0.015190 1
0.048635 0.055079 1
0.060529 0.053852 0
0.023461 0.026152 1
0.037776 0.042423 1
0.049674 0.053487 1
0.034475 0.034303 1
0.010609 0.010979 1
0.021076 0.022412 0
0.068501 0.070375 1
0.061078 0.064642 1
0.061328 0.064057 0
0.042967 0.045438 1
0.022819 0.022395 0
0.066476 0.068908 1
0.068176 0.068744 1
0.023659 0.024434 1
0.016161 0.011561 0
0.061328 0.063124 1
0.062382 0.067115 1
0.064183 0.068195 0
0.039014 0.038049 1
0.016161 0.011941 1
0.060529 0.066920 0
0.023220 0.022816 0
0.023220 0.022770 0
0.061078 0.054993 1
0.064319 0.059501 1
0.056549 0.052793 1
0.045786 0.028993 0
0.034475 0.038026 1
0.056764 0.049951 0
0.023461 0.025231 0
0.049298 0.052839 0
0.049298 0.046621 0
0.016161 0.016202 0
0.039278 0.042748 1
0.038437 0.038206 1
0.045786 0.049031 1
0.065956 0.060975 0
0.055579 0.058596 1
0.061328 0.062766 1
0.023597 0.023819 1
0.064041 0.066595 1
0.039397 0.040497 1
0.022160 0.021948 0
0.064319 0.066019 1
0.059575 0.061334 0
0.067468 0.067204 1
0.023597 0.023897 1
0.060529 0.062175 1
0.060529 0.060809 1
0.065305 0.066762 1
0.019265 0.012931 1
0.022160 0.016175 1
0.061078 0.059635 0
0.056764 0.048310 0
0.037776 0.028751 0
0.061328 0.056829 1
0.059575 0.054569 0
0.048635 0.040489 1
0.022819 0.024345 1
0.048345 0.029674 0
0.037776 0.040336 1
0.059575 0.052619 1
0.047544 0.053670 0
0.056549 0.059371 1
0.038548 0.034850 1
0.023220 0.025870 1
0.031125 0.033210 1
0.049845 0.054267 0
0.067156 0.065740 0
0.065305 0.058845 0
0.031125 0.030499 0
0.060686 0.061580 1
0.067156 0.070406 1
0.064319 0.067521 1
0.053902 0.057153 1
0.023461 0.025440 1
0.067855 0.069600 0
0.056764 0.058497 0
0.010609 0.008373 0
0.063434 0.068279 1
0.062382 0.065257 1
0.025560 0.026530 1
0.025560 0.016552 1
0.059575 0.065923 1
0.038548 0.038369 1
0.023461 0.023104 0
0.059575 0.059568 0
0.036519 0.023660 0
0.042967 0.047781 1
0.022819 0.018556 1
0.022160 0.022412 0
0.042967 0.047822 1
0.056077 0.050901 1
0.010609 0.010321 0
0.039278 0.044024 0
0.042967 0.043433 0
0.064041 0.058488 1
0.061328 0.060212 1
0.023461 0.024717 1
0.067468 0.067762 1
0.039278 0.042768 0
0.049845 0.050727 0
0.036519 0.037082 1
0.060686 0.065089 1
0.067468 0.067495 0
0.039278 0.039750 1
0.055579 0.058955 0
0.065956 0.063980 0
0.042967 0.025644 0
0.055251 0.048536 1
0.038548 0.030294 0
0.058026 0.051219 1
0.049845 0.040346 1
0.058026 0.050311 1
0.021076 0.013280 0
0.065305 0.061063 1
0.051750 0.036807 0
0.045786 0.051370 1
0.056077 0.059048 1
0.023220 0.021328 1
0.023659 0.026082 1
0.034475 0.037636 1
0.049845 0.055052 1
0.037776 0.039107 1
0.049674 0.051449 1
0.023461 0.021345 1
0.065956 0.070218 1
0.049845 0.053691 1
0.047544 0.049282 1
0.039014 0.042743 1
0.067855 0.068685 0
0.049845 0.051238 1
0.058026 0.061299 0
0.059575 0.062294 0
0.066476 0.068868 1
0.031125 0.018139 0
0.036519 0.040451 0
0.048635 0.048926 0
0.023659 0.018803 0
0.048635 0.051217 1
0.039278 0.030750 0
0.021076 0.020813 0
0.022160 0.015016 0
0.048345 0.053918 1
0.066253 0.061841 0
0.037776 0.029822 1
0.022819 0.023369 0
0.038437 0.042306 1
0.023461 0.022789 1
0.021076 0.022415 0
0.039397 0.043704 1
0.039397 0.043123 1
0.061078 0.056537 0
0.031125 0.030760 1
0.064319 0.062790 1
0.067468 0.062892 0
0.066253 0.066663 0
0.023597 0.025505 0
0.056764 0.056756 1
0.058026 0.062372 1
0.067156 0.067639 1
0.058026 0.061269 1
0.047544 0.052304 0
0.066253 0.065434 1
0.038437 0.020553 0
0.056077 0.049121 0
0.039014 0.030400 0
0.055579 0.044784 0
0.049674 0.040308 1
0.060686 0.055024 1
0.034475 0.019213 0
0.064183 0.057977 0
0.055251 0.057921 0
0.055251 0.049263 1
0.023597 0.026203 1
0.016161 0.016609 1
0.049674 0.055717 1
0.048345 0.049667 0
0.036519 0.037124 0
0.053902 0.056252 0
0.056764 0.060019 1
0.049298 0.053886 0
0.068176 0.068901 0
0.060686 0.064601 0
0.055251 0.058884 1
0.065305 0.068738 1
0.034475 0.020967 0
0.022160 0.024308 1
0.055251 0.057816 1
0.023597 0.017873 0
0.056764 0.061979 1
0.039397 0.031310 0
0.051750 0.057735 1
0.065956 0.061763 1
0.047544 0.037630 1
0.019265 0.018675 0
0.031125 0.033712 1
0.039014 0.037600 0
0.019265 0.019621 0
0.038548 0.043476 0
0.066253 0.064134 1
0.068501 0.069138 1
0.056549 0.060854 0
0.063434 0.062679 0
0.060529 0.063881 0
0.061328 0.065437 0
0.053902 0.057875 1
0.066253 0.066695 0
0.023220 0.024520 1
0.051750 0.038879 1
0.062382 0.057776 1
0.067156 0.063124 1
0.048635 0.043632 1
0.023597 0.025614 1
0.025560 0.026582 0
0.045786 0.046821 1
0.042967 0.043645 0
0.039014 0.042123 1
0.068176 0.065548 0
0.068176 0.067879 0
0.023659 0.025395 1
0.045786 0.047363 1
0.056077 0.060119 1
0.065956 0.067880 0
0.064319 0.062702 0
0.048635 0.053240 1
0.063434 0.067589 0
0.051750 0.056979 1
0.059575 0.063909 0
0.023461 0.017877 1
0.047544 0.038243 1
0.056549 0.053904 0
0.053902 0.060424 1
0.053902 0.044006 1
0.021076 0.020614 1
0.019265 0.020623 0
0.056549 0.062909 1
0.022819 0.025260 0
0.039014 0.043972 1
0.025560 0.024644 0
0.067468 0.066760 0
0.068176 0.068834 1
0.049674 0.054080 1
0.066253 0.070155 1
0.063434 0.055422 0
0.062382 0.065547 1
0.063434 0.067037 1
0.021076 0.013885 1
0.061078 0.066599 1
0.022819 0.025035 0
0.065956 0.067250 0
0.056077 0.057406 0
0.058026 0.063475 1
0.053902 0.045793 1
0.063434 0.059787 1
0.051750 0.053244 1
0.023659 0.025854 1
0.047544 0.049242 0
0.034475 0.034635 1
0.038548 0.040955 0
0.019265 0.018723 1
0.067855 0.065093 1
0.068501 0.067829 1
0.039397 0.042625 1
0.039397 0.032826 1
0.049674 0.048691 1
0.067156 0.068701 1
0.056764 0.060659 0
0.064041 0.063320 0
0.038548 0.042452 1
0.060529 0.064147 1
0.049674 0.049879 0
0.045786 0.050807 1
0.062382 0.067098 1
0.023220 0.018056 0
0.045786 0.032564 1
