0.055251 0.056875 1
0.016161 0.016380 1
0.019265 0.019542 1
0.021076 0.021385 1
0.010609 0.010715 1
0.022819 0.023142 0
0.049298 0.050786 1
0.066476 0.066470 0
0.023597 0.023806 1
0.023659 0.023758 1
0.016161 0.016367 1
0.022160 0.022599 1
0.036519 0.037274 1
0.034475 0.034969 1
0.036519 0.037032 1
0.037776 0.038283 1
0.038548 0.039034 0
0.039014 0.039442 1
0.039278 0.039562 1
0.016161 0.016309 1
0.019265 0.019487 1
0.031125 0.031498 1
0.038437 0.038897 1
0.042967 0.043469 1
0.045786 0.046294 1
0.047544 0.048018 1
0.048635 0.049093 1
0.049298 0.049709 1
0.049674 0.049865 1
0.049845 0.049573 1
0.022160 0.022483 1
0.034475 0.034730 1
0.068176 0.069897 1
0.048345 0.048622 0
0.051750 0.052002 1
0.053902 0.054021 1
0.055251 0.055396 1
0.056077 0.056317 1
0.064041 0.065235 1
0.067468 0.069078 1
0.022160 0.022185 1
0.036519 0.036473 1
0.037776 0.036778 1
0.051750 0.051484 1
0.065305 0.067137 1
0.058026 0.057859 0
0.039397 0.035970 1
0.019265 0.018892 0
0.061078 0.062943 1
0.037776 0.038363 1
0.065305 0.067395 1
0.049298 0.044905 0
0.047544 0.046453 1
0.053902 0.052559 1
0.058026 0.057285 1
0.055579 0.056632 1
0.062382 0.062373 1
0.063434 0.063671 1
0.064041 0.064052 1
0.064319 0.063570 1
0.023220 0.022688 1
0.038548 0.037141 0
0.048635 0.045833 1
0.055251 0.052679 0
0.061328 0.058570 0
0.062382 0.062005 1
0.064183 0.064422 1
0.065305 0.065767 0
0.065956 0.066208 1
0.066253 0.065888 1
0.064041 0.061214 1
0.039014 0.036774 1
0.049298 0.045940 0
0.056077 0.052748 0
0.060529 0.058549 1
0.063434 0.063064 1
0.065305 0.065721 1
0.066476 0.067155 1
0.031125 0.031569 1
0.067468 0.067546 0
0.023597 0.022854 1
0.039278 0.037475 1
0.021076 0.021187 0
0.056549 0.053785 1
0.061078 0.059724 1
0.064041 0.063949 1
0.065956 0.066627 0
0.067156 0.068156 1
0.067855 0.068815 1
0.068176 0.068808 1
0.023659 0.023210 0
0.039397 0.038468 1
0.049845 0.048406 1
0.056764 0.055488 1
0.061328 0.060711 0
0.064319 0.064489 1
0.066253 0.067204 1
0.067468 0.068789 0
0.068176 0.069578 1
0.068501 0.069797 0
0.067156 0.067702 1
0.064319 0.064165 0
0.039278 0.038083 1
0.061078 0.059816 1
0.023659 0.022671 1
0.051750 0.051737 1
0.064041 0.066181 1
0.023220 0.023570 1
0.067156 0.069245 1
0.056549 0.053194 1
0.059575 0.060996 1
0.064183 0.065199 1
0.031125 0.028811 1
0.022819 0.022615 1
0.056549 0.053004 1
0.036519 0.035826 1
0.060529 0.056534 0
0.049298 0.047291 1
0.042967 0.039070 0
0.056077 0.057848 1
0.062382 0.061842 1
0.016161 0.016338 1
0.048635 0.050010 1
0.060529 0.060181 1
0.023461 0.024060 1
0.037776 0.038687 0
0.049674 0.051154 1
0.034475 0.034926 1
0.010609 0.010739 1
0.021076 0.021242 0
0.068501 0.070167 1
0.061078 0.061767 1
0.061328 0.061386 0
0.042967 0.043246 1
0.022819 0.022237 1
0.066476 0.068492 1
0.068176 0.070064 1
0.023659 0.022137 1
0.016161 0.015828 1
0.061328 0.063313 1
0.062382 0.064299 1
0.064183 0.066116 1
0.039014 0.035052 0
0.016161 0.015605 1
0.060529 0.062492 0
0.023220 0.021770 1
0.023220 0.023531 1
0.061078 0.057128 0
0.064319 0.062362 1
0.056549 0.056520 0
0.045786 0.042048 0
0.034475 0.034710 0
0.056764 0.055964 1
0.023461 0.024032 1
0.049298 0.050677 1
0.049298 0.048222 1
0.016161 0.016374 1
0.039278 0.040379 1
0.038437 0.038559 1
0.045786 0.045604 1
0.065956 0.066375 1
0.055579 0.055309 1
0.061328 0.060218 1
0.023597 0.023017 1
0.064041 0.063711 1
0.039397 0.037185 1
0.022160 0.021990 1
0.064319 0.066449 0
0.059575 0.059532 0
0.067468 0.069510 1
0.023597 0.021480 1
0.060529 0.062209 1
0.060529 0.060554 1
0.065305 0.066709 1
0.019265 0.017968 1
0.022160 0.021916 1
0.061078 0.060881 1
0.056764 0.054598 1
0.037776 0.037181 1
0.061328 0.060024 1
0.059575 0.056627 1
0.048635 0.047165 1
0.022819 0.022603 1
0.048345 0.045224 1
0.037776 0.037186 1
0.059575 0.058813 1
0.047544 0.048731 1
0.056549 0.058282 1
0.038548 0.037372 1
0.023220 0.023783 1
0.031125 0.031589 1
0.049845 0.051384 0
0.067156 0.067584 1
0.065305 0.065364 1
0.031125 0.031440 1
0.060686 0.060336 1
0.067156 0.069008 1
0.064319 0.064934 1
0.053902 0.053501 1
0.023461 0.023751 1
0.067855 0.069798 0
0.056764 0.053777 1
0.010609 0.010423 1
0.063434 0.065505 1
0.062382 0.064078 1
0.025560 0.025913 1
0.025560 0.024584 1
0.059575 0.061379 1
0.038548 0.035989 1
0.023461 0.021260 0
0.059575 0.058000 1
0.036519 0.033044 1
0.042967 0.043295 1
0.022819 0.021803 0
0.022160 0.022546 1
0.042967 0.043521 1
0.056077 0.055310 1
0.010609 0.010727 1
0.039278 0.040418 0
0.042967 0.043295 1
0.064041 0.064185 1
0.061328 0.060637 1
0.023461 0.022665 0
0.067468 0.068104 1
0.039278 0.039552 1
0.049845 0.046994 0
0.036519 0.036191 1
0.060686 0.061574 1
0.067468 0.069327 1
0.039278 0.034881 1
0.055579 0.056157 0
0.065956 0.067708 1
0.042967 0.041129 1
0.055251 0.052646 1
0.038548 0.037893 1
0.058026 0.055994 1
0.049845 0.048894 1
0.058026 0.056460 1
0.021076 0.019183 0
0.065305 0.064364 1
0.051750 0.048516 1
0.045786 0.046691 1
0.056077 0.057671 0
0.023220 0.022637 1
0.023659 0.024283 0
0.034475 0.035057 0
0.049845 0.051407 1
0.037776 0.038587 1
0.049674 0.046972 0
0.023461 0.023739 1
0.065956 0.067560 1
0.049845 0.049570 1
0.047544 0.046554 0
0.039014 0.039572 1
0.067855 0.069011 1
0.049845 0.045711 0
0.058026 0.059352 1
0.059575 0.060980 1
0.066476 0.067404 1
0.031125 0.030045 1
0.036519 0.036899 1
0.048635 0.045917 1
0.023659 0.023623 1
0.048635 0.049865 1
0.039278 0.038673 1
0.021076 0.021080 1
0.022160 0.020477 1
0.048345 0.048911 0
0.066253 0.065351 1
0.037776 0.035616 1
0.022819 0.023281 1
0.038437 0.038906 0
0.023461 0.023025 1
0.021076 0.021438 1
0.039397 0.040548 1
0.039397 0.040536 1
0.061078 0.060731 1
0.031125 0.031275 1
0.064319 0.064387 1
0.067468 0.067289 0
0.066253 0.066484 1
0.023597 0.023687 1
0.056764 0.054800 1
0.058026 0.058333 1
0.067156 0.068652 1
0.058026 0.059091 1
0.047544 0.048335 0
0.066253 0.068250 1
0.038437 0.035912 1
0.056077 0.052689 0
0.039014 0.038252 0
0.055579 0.053390 0
0.049674 0.048060 1
0.060686 0.059393 1
0.034475 0.031159 0
0.064183 0.063549 1
0.055251 0.056638 1
0.055251 0.054072 0
0.023597 0.024216 1
0.016161 0.016322 0
0.049674 0.051221 1
0.048345 0.048514 0
0.036519 0.037159 1
0.053902 0.054984 1
0.056764 0.056489 1
0.049298 0.050081 1
0.068176 0.069840 1
0.060686 0.062356 1
0.055251 0.056373 0
0.065305 0.065785 1
0.034475 0.033600 1
0.022160 0.022300 1
0.055251 0.053854 1
0.023597 0.023440 0
0.056764 0.058620 1
0.039397 0.039099 1
0.051750 0.052647 1
0.065956 0.064905 1
0.047544 0.044799 0
0.019265 0.019499 1
0.031125 0.031410 1
0.039014 0.038157 1
0.019265 0.019558 1
0.038548 0.039574 1
0.066253 0.066736 1
0.068501 0.069987 0
0.056549 0.057095 1
0.063434 0.065061 1
0.060529 0.061760 0
0.061328 0.063370 1
0.053902 0.054829 1
0.066253 0.068381 1
0.023220 0.023745 1
0.051750 0.049623 0
0.062382 0.060670 0
0.067156 0.066948 1
0.048635 0.047032 1
0.023597 0.024198 1
0.025560 0.025884 1
0.045786 0.046497 1
0.042967 0.042896 0
0.039014 0.040052 1
0.068176 0.068654 1
0.068176 0.069181 1
0.023659 0.023503 0
0.045786 0.045409 1
0.056077 0.057070 1
0.065956 0.066161 0
0.064319 0.066361 1
0.048635 0.049534 1
0.063434 0.063494 1
0.051750 0.052444 0
0.059575 0.059330 1
0.023461 0.023239 1
0.047544 0.046314 1
0.056549 0.055522 1
0.053902 0.055264 1
0.053902 0.051696 1
0.021076 0.021379 0
0.019265 0.019343 1
0.056549 0.058392 1
0.022819 0.023327 1
0.039014 0.040114 1
0.025560 0.025804 1
0.067468 0.068237 1
0.068176 0.069334 1
0.049674 0.050090 1
0.066253 0.067528 1
0.063434 0.063388 1
0.062382 0.063691 1
0.063434 0.064986 1
0.021076 0.020763 1
0.061078 0.063115 1
0.022819 0.023127 1
0.065956 0.068111 1
0.056077 0.053196 1
0.058026 0.059553 1
0.053902 0.051942 1
0.063434 0.060702 1
0.051750 0.052355 1
0.023659 0.024278 1
0.047544 0.048558 1
0.034475 0.034357 1
0.038548 0.039491 0
0.019265 0.019380 0
0.067855 0.068420 1
0.068501 0.069655 1
0.039397 0.039154 1
0.039397 0.039429 0
0.049674 0.048037 1
0.067156 0.067811 0
0.056764 0.058583 1
0.064041 0.065915 1
0.038548 0.039200 1
0.060529 0.059602 0
0.049674 0.044735 0
0.045786 0.046280 1
0.062382 0.062913 0
0.023220 0.023010 0
0.045786 0.044319 1
