0.026656 0.027192 1
0.042436 0.043392 0
0.052049 0.053262 1
0.057628 0.058914 1
0.060203 0.061358 0
0.060203 0.060999 1
0.057628 0.057796 1
0.052049 0.051264 1
0.042436 0.040504 1
0.026656 0.025306 1
0.042436 0.043412 0
0.069921 0.071669 1
0.087396 0.089618 0
0.097749 0.100095 1
0.102571 0.104654 1
0.102571 0.103965 1
0.097749 0.097944 1
0.087396 0.085566 1
0.069921 0.067469 0
0.042436 0.040191 0
0.052049 0.053345 1
0.087396 0.089722 1
0.110543 0.113493 1
0.124492 0.127577 1
0.131045 0.133728 1
0.131045 0.132772 1
0.124492 0.124762 1
0.110543 0.109063 0
0.087396 0.084447 1
0.052049 0.050003 1
0.057628 0.059124 1
0.097749 0.100430 1
0.124492 0.127870 1
0.140791 0.144263 1
0.148495 0.151377 1
0.148495 0.150069 1
0.140791 0.140449 0
0.124492 0.122149 1
0.097749 0.094691 0
0.057628 0.055640 1
0.060203 0.061785 1
0.102571 0.105398 1
0.131045 0.134575 1
0.148495 0.152034 1
0.156770 0.159483 1
0.156770 0.157673 1
0.148495 0.146499 1
0.131045 0.125487 1
0.102571 0.096739 1
0.060203 0.056818 1
0.060203 0.061768 1
0.102571 0.105357 1
0.131045 0.134493 0
0.148495 0.151871 1
0.156770 0.159145 1
0.156770 0.156880 1
0.148495 0.144266 1
0.131045 0.124014 0
0.102571 0.094235 0
0.060203 0.053884 1
0.057628 0.059078 1
0.097749 0.100322 1
0.124492 0.127660 1
0.140791 0.143867 1
0.148495 0.150632 1
0.148495 0.148650 0
0.140791 0.137729 1
0.124492 0.117221 1
0.097749 0.088751 1
0.057628 0.051574 0
0.052049 0.053287 1
0.087396 0.089584 1
0.110543 0.113229 0
0.124492 0.127098 1
0.131045 0.132878 1
0.131045 0.131308 1
0.124492 0.122375 1
0.110543 0.105578 1
0.087396 0.080191 1
0.052049 0.045623 0
0.042436 0.043359 1
0.069921 0.071545 1
0.087396 0.089382 1
0.097749 0.099671 1
0.102571 0.103914 1
0.102571 0.102718 1
0.097749 0.095986 0
0.087396 0.083085 1
0.069921 0.063699 1
0.042436 0.037753 0
0.026656 0.027161 1
0.042436 0.043318 1
0.052049 0.053123 1
0.057628 0.058660 1
0.060203 0.060897 1
0.060203 0.060134 1
0.057628 0.056017 1
0.052049 0.049382 0
0.042436 0.038852 0
0.026656 0.023206 1
