0.055251 0.054747 1
0.016161 0.016201 1
0.019265 0.019319 1
0.021076 0.021140 1
0.010609 0.010583 1
0.022819 0.022894 1
0.049298 0.048660 1
0.066476 0.066581 1
0.023597 0.023673 1
0.023659 0.023731 1
0.016161 0.016201 1
0.022160 0.022167 1
0.036519 0.036523 1
0.034475 0.034594 1
0.036519 0.036651 1
0.037776 0.037916 1
0.038548 0.038693 1
0.039014 0.039159 1
0.039278 0.039419 1
0.016161 0.016099 1
0.019265 0.019320 1
0.031125 0.031225 1
0.038437 0.038573 1
0.042967 0.043130 1
0.045786 0.045967 1
0.047544 0.047737 1
0.048635 0.048834 1
0.049298 0.049497 0
0.049674 0.049868 1
0.049845 0.050025 0
0.022160 0.022231 1
0.034475 0.034594 1
0.068176 0.068414 1
0.048345 0.048540 1
0.051750 0.051969 1
0.053902 0.054135 1
0.055251 0.055492 1
0.056077 0.056317 1
0.064041 0.064272 1
0.067468 0.067721 1
0.022160 0.022232 0
0.036519 0.036652 1
0.037776 0.037676 1
0.051750 0.051970 1
0.065305 0.065451 1
0.058026 0.058288 1
0.039397 0.039483 1
0.019265 0.019284 1
0.061078 0.060215 0
0.037776 0.037884 1
0.065305 0.065261 1
0.049298 0.049361 1
0.047544 0.047739 1
0.053902 0.054138 1
0.058026 0.058290 1
0.055579 0.055621 1
0.062382 0.062673 1
0.063434 0.063725 1
0.064041 0.064321 1
0.064319 0.064573 1
0.023220 0.023300 1
0.038548 0.038697 1
0.048635 0.048839 1
0.055251 0.055497 1
0.061328 0.061521 1
0.062382 0.062677 1
0.064183 0.064487 1
0.065305 0.065609 1
0.065956 0.066249 1
0.066253 0.066523 1
0.064041 0.064161 1
0.039014 0.039165 1
0.049298 0.049506 1
0.056077 0.056328 1
0.060529 0.060810 1
0.063434 0.063734 1
0.065305 0.065614 1
0.066476 0.066785 0
0.031125 0.031225 1
0.067468 0.067747 1
0.023597 0.023679 1
0.039278 0.039430 0
0.021076 0.021124 1
0.056549 0.056800 1
0.061078 0.061358 1
0.064041 0.064339 1
0.065956 0.066260 0
0.067156 0.067460 1
0.067855 0.068150 1
0.068176 0.068454 0
0.023659 0.023739 1
0.039397 0.039547 1
0.049845 0.050051 1
0.056764 0.057009 1
0.061328 0.061600 1
0.064319 0.064605 1
0.066253 0.066544 1
0.067468 0.067755 1
0.068176 0.068453 1
0.068501 0.068763 1
0.067156 0.067321 1
0.064319 0.064475 1
0.039278 0.039335 1
0.061078 0.061211 1
0.023659 0.023704 1
0.051750 0.051303 1
0.064041 0.063646 0
0.023220 0.023287 1
0.067156 0.067212 0
0.056549 0.056670 1
0.059575 0.059264 1
0.064183 0.064138 1
0.031125 0.031143 1
0.022819 0.022842 1
0.056549 0.056675 1
0.036519 0.036530 1
0.060529 0.060522 1
0.049298 0.049371 1
0.042967 0.042923 1
0.056077 0.055306 0
0.062382 0.061912 1
0.016161 0.016102 1
0.048635 0.048302 1
0.060529 0.060384 1
0.023461 0.023348 1
0.037776 0.037709 1
0.049674 0.049231 1
0.034475 0.034218 1
0.010609 0.010631 1
0.021076 0.021140 1
0.068501 0.068722 1
0.061078 0.061310 1
0.061328 0.061585 1
0.042967 0.043130 1
0.022819 0.022778 1
0.066476 0.066577 1
0.068176 0.068320 1
0.023659 0.023706 1
0.016161 0.016178 1
0.061328 0.060379 0
0.062382 0.062273 1
0.064183 0.064223 1
0.039014 0.039063 1
0.016161 0.016177 1
0.060529 0.059885 1
0.023220 0.023222 1
0.023220 0.023298 1
0.061078 0.061197 1
0.064319 0.064525 0
0.056549 0.056781 1
0.045786 0.045676 1
0.034475 0.034556 0
0.056764 0.056977 1
0.023461 0.023262 1
0.049298 0.048957 1
0.049298 0.049289 0
0.016161 0.016188 1
0.039278 0.039020 1
0.038437 0.037950 1
0.045786 0.045968 1
0.065956 0.066061 1
0.055579 0.055824 1
0.061328 0.061472 1
0.023597 0.023633 1
0.064041 0.064181 1
0.039397 0.039475 1
0.022160 0.022063 1
0.064319 0.063806 1
0.059575 0.059845 1
0.067468 0.067483 1
0.023597 0.023640 1
0.060529 0.059904 1
0.060529 0.060800 1
0.065305 0.065171 1
0.019265 0.019281 1
0.022160 0.022178 1
0.061078 0.061338 1
0.056764 0.056944 1
0.037776 0.037796 1
0.061328 0.061564 1
0.059575 0.059361 1
0.048635 0.048652 1
0.022819 0.022895 1
0.048345 0.048227 1
0.037776 0.037918 0
0.059575 0.059072 1
0.047544 0.047422 1
0.056549 0.055764 1
0.038548 0.038534 1
0.023220 0.023152 1
0.031125 0.031180 1
0.049845 0.049329 1
0.067156 0.067455 1
0.065305 0.065298 1
0.031125 0.030897 1
0.060686 0.060968 1
0.067156 0.067350 1
0.064319 0.064584 1
0.053902 0.053737 0
0.023461 0.023533 1
0.067855 0.068024 1
0.056764 0.056894 1
0.010609 0.010620 1
0.063434 0.063163 1
0.062382 0.062492 0
0.025560 0.025634 1
0.025560 0.025585 1
0.059575 0.059268 1
0.038548 0.038542 1
0.023461 0.023490 1
0.059575 0.059850 0
0.036519 0.036493 1
0.042967 0.043060 1
0.022819 0.022818 0
0.022160 0.021960 1
0.042967 0.043023 1
0.056077 0.056003 1
0.010609 0.010626 0
0.039278 0.038939 1
0.042967 0.042472 1
0.064041 0.064092 1
0.061328 0.061442 1
0.023461 0.023543 1
0.067468 0.067648 1
0.039278 0.039418 1
0.049845 0.049943 1
0.036519 0.036274 1
0.060686 0.060573 1
0.067468 0.067454 1
0.039278 0.039355 1
0.055579 0.055293 1
0.065956 0.065716 1
0.042967 0.042943 1
0.055251 0.055186 1
0.038548 0.038592 0
0.058026 0.057528 1
0.049845 0.050002 1
0.058026 0.057391 0
0.021076 0.021085 1
0.065305 0.065328 1
0.051750 0.051471 1
0.045786 0.045783 1
0.056077 0.055594 1
0.023220 0.023228 1
0.023659 0.023528 1
0.034475 0.034517 1
0.049845 0.049268 1
0.037776 0.037467 1
0.049674 0.049883 1
0.023461 0.023539 0
0.065956 0.066172 1
0.049845 0.050044 1
0.047544 0.047379 1
0.039014 0.039145 1
0.067855 0.067978 1
0.049845 0.049958 1
0.058026 0.058124 1
0.059575 0.059727 1
0.066476 0.066506 1
0.031125 0.031148 1
0.036519 0.036614 1
0.048635 0.048619 1
0.023659 0.023724 1
0.048635 0.048347 1
0.039278 0.039376 1
0.021076 0.020934 1
0.022160 0.022161 1
0.048345 0.048417 1
0.066253 0.066479 1
0.037776 0.037738 1
0.022819 0.022590 0
0.038437 0.038512 1
0.023461 0.023484 1
0.021076 0.021101 1
0.039397 0.039088 1
0.039397 0.039117 1
0.061078 0.061109 1
0.031125 0.030858 0
0.064319 0.064451 1
0.067468 0.067712 1
0.066253 0.066422 1
0.023597 0.023673 1
0.056764 0.056871 1
0.058026 0.057906 1
0.067156 0.067149 1
0.058026 0.057799 1
0.047544 0.047678 1
0.066253 0.065992 1
0.038437 0.038440 1
0.056077 0.056122 1
0.039014 0.039087 1
0.055579 0.055052 1
0.049674 0.049796 1
0.060686 0.060069 0
0.034475 0.034473 1
0.064183 0.063998 1
0.055251 0.054935 1
0.055251 0.054994 1
0.023597 0.023463 1
0.016161 0.016190 1
0.049674 0.048958 1
0.048345 0.047763 0
0.036519 0.036261 1
0.053902 0.053608 1
0.056764 0.056999 1
0.049298 0.049471 1
0.068176 0.068303 1
0.060686 0.060705 1
0.055251 0.055418 1
0.065305 0.065372 0
0.034475 0.034490 1
0.022160 0.022215 0
0.055251 0.055241 1
0.023597 0.023654 1
0.056764 0.055851 1
0.039397 0.039516 1
0.051750 0.051752 1
0.065956 0.066106 1
0.047544 0.047387 1
0.019265 0.019171 1
0.031125 0.031192 1
0.039014 0.039037 1
0.019265 0.019296 1
0.038548 0.038375 1
0.066253 0.066413 1
0.068501 0.068706 1
0.056549 0.056768 1
0.063434 0.063064 1
0.060529 0.060727 1
0.061328 0.060426 1
0.053902 0.054035 1
0.066253 0.066058 1
0.023220 0.022991 0
0.051750 0.051555 0
0.062382 0.061999 1
0.067156 0.067344 1
0.048635 0.048542 1
0.023597 0.023464 1
0.025560 0.025610 1
0.045786 0.045439 1
0.042967 0.042411 0
0.039014 0.038758 1
0.068176 0.068428 1
0.068176 0.068394 1
0.023659 0.023737 1
0.045786 0.045332 1
0.056077 0.056273 0
0.065956 0.066093 1
0.064319 0.063609 1
0.048635 0.048790 1
0.063434 0.063520 1
0.051750 0.051850 1
0.059575 0.059579 1
0.023461 0.023506 1
0.047544 0.047511 1
0.056549 0.056593 1
0.053902 0.053746 1
0.053902 0.053442 1
0.021076 0.020949 1
0.019265 0.019305 1
0.056549 0.055651 0
0.022819 0.022794 1
0.039014 0.038720 1
0.025560 0.025419 1
0.067468 0.067659 1
0.068176 0.068367 1
0.049674 0.049863 1
0.066253 0.066516 1
0.063434 0.063313 0
0.062382 0.062196 0
0.063434 0.063614 1
0.021076 0.021094 0
0.061078 0.060271 1
0.022819 0.022880 1
0.065956 0.065833 1
0.056077 0.056154 0
0.058026 0.057944 1
0.053902 0.053726 1
0.063434 0.063390 1
0.051750 0.051297 1
0.023659 0.023534 0
0.047544 0.047258 1
0.034475 0.034067 1
0.038548 0.038241 1
0.019265 0.019157 1
0.067855 0.068070 1
0.068501 0.068743 1
0.039397 0.039543 1
0.039397 0.039530 1
0.049674 0.049733 1
0.067156 0.067286 1
0.056764 0.055866 1
0.064041 0.063380 1
0.038548 0.038669 1
0.060529 0.060617 1
0.049674 0.049777 1
0.045786 0.045899 1
0.062382 0.062381 1
0.023220 0.023253 1
0.045786 0.045739 1
