0.026656 0.016290 1
0.042436 0.024518 0
0.052049 0.027642 0
0.057628 0.023176 0
0.060203 0.024934 0
0.060203 0.032485 0
0.057628 0.039983 1
0.052049 0.043599 0
0.042436 0.040858 0
0.026656 0.027329 1
0.042436 0.023968 0
0.069921 0.035181 0
0.087396 0.040371 1
0.097749 0.038118 0
0.102571 0.037500 0
0.102571 0.054006 0
0.097749 0.068122 0
0.087396 0.070773 0
0.069921 0.059852 1
0.042436 0.041497 1
0.052049 0.024839 0
0.087396 0.044344 0
0.110543 0.047158 1
0.124492 0.044829 0
0.131045 0.050536 0
0.131045 0.062516 1
0.124492 0.081835 1
0.110543 0.075648 1
0.087396 0.066494 0
0.052049 0.040096 1
0.057628 0.037442 0
0.097749 0.051663 0
0.124492 0.065778 0
0.140791 0.059355 0
0.148495 0.054104 0
0.148495 0.079448 0
0.140791 0.074736 1
0.124492 0.073400 0
0.097749 0.048381 0
0.057628 0.035749 0
0.060203 0.050872 1
0.102571 0.084686 0
0.131045 0.090845 1
0.148495 0.091330 0
0.156770 0.101767 0
0.156770 0.092026 0
0.148495 0.100291 0
0.131045 0.062200 0
0.102571 0.052771 0
0.060203 0.031306 0
0.060203 0.072217 1
0.102571 0.115772 0
0.131045 0.136973 0
0.148495 0.145558 0
0.156770 0.145384 1
0.156770 0.158829 0
0.148495 0.126701 1
0.131045 0.106096 0
0.102571 0.067576 0
0.060203 0.046816 1
0.057628 0.088278 0
0.097749 0.136554 1
0.124492 0.158019 1
0.140791 0.163389 1
0.148495 0.182056 1
0.148495 0.188786 1
0.140791 0.185783 0
0.124492 0.147926 0
0.097749 0.118341 0
0.057628 0.069758 1
0.052049 0.085934 1
0.087396 0.134946 0
0.110543 0.145565 0
0.124492 0.147230 0
0.131045 0.158590 0
0.131045 0.191603 0
0.124492 0.197432 1
0.110543 0.188634 1
0.087396 0.150692 1
0.052049 0.092380 0
0.042436 0.074926 0
0.069921 0.114065 1
0.087396 0.117195 1
0.097749 0.108743 0
0.102571 0.126502 0
0.102571 0.145507 1
0.097749 0.177630 0
0.087396 0.174998 1
0.069921 0.147844 1
0.042436 0.088938 1
0.026656 0.046921 1
0.042436 0.071762 1
0.052049 0.074611 1
0.057628 0.069593 0
0.060203 0.068874 1
0.060203 0.092815 0
0.057628 0.102194 0
0.052049 0.107870 1
0.042436 0.093266 1
0.026656 0.056844 0
