0.055251 0.062164 0
0.016161 0.021427 1
0.019265 0.023995 1
0.021076 0.025647 1
0.010609 0.009188 1
0.022819 0.027929 1
0.049298 0.053991 0
0.066476 0.032851 0
0.023597 0.027858 0
0.023659 0.028820 0
0.016161 0.022622 0
0.022160 0.020473 0
0.036519 0.031396 1
0.034475 0.042510 0
0.036519 0.045170 0
0.037776 0.043306 1
0.038548 0.041043 1
0.039014 0.040346 0
0.039278 0.044113 1
0.016161 0.013130 0
0.019265 0.029113 0
0.031125 0.046566 1
0.038437 0.054580 0
0.042967 0.058650 0
0.045786 0.058016 1
0.047544 0.054831 0
0.048635 0.045493 0
0.049298 0.047940 0
0.049674 0.051300 0
0.049845 0.053715 1
0.022160 0.027456 1
0.034475 0.057633 0
0.068176 0.060548 0
0.048345 0.075326 0
0.051750 0.075132 1
0.053902 0.066482 0
0.055251 0.059114 0
0.056077 0.053490 0
0.064041 0.055166 1
0.067468 0.052935 0
0.022160 0.038366 1
0.036519 0.065002 1
0.037776 0.040514 1
0.051750 0.089062 1
0.065305 0.060463 0
0.058026 0.084337 1
0.039397 0.034730 0
0.019265 0.020800 1
0.061078 0.055309 0
0.037776 0.035936 1
0.065305 0.071704 1
0.049298 0.056371 0
0.047544 0.085371 1
0.053902 0.096124 0
0.058026 0.100028 0
0.055579 0.042242 0
0.062382 0.090462 1
0.063434 0.082056 1
0.064041 0.072581 1
0.064319 0.057015 1
0.023220 0.038970 0
0.038548 0.065810 1
0.048635 0.082984 0
0.055251 0.094907 1
0.061328 0.049841 0
0.062382 0.100372 0
0.064183 0.095947 1
0.065305 0.086922 1
0.065956 0.072440 0
0.066253 0.052661 0
0.064041 0.038731 1
0.039014 0.060824 0
0.049298 0.077805 0
0.056077 0.086402 1
0.060529 0.090688 1
0.063434 0.091184 1
0.065305 0.089768 1
0.066476 0.083241 1
0.031125 0.040319 0
0.067468 0.049775 0
0.023597 0.033594 0
0.039278 0.056267 1
0.021076 0.017584 0
0.056549 0.074030 1
0.061078 0.074995 0
0.064041 0.072897 0
0.065956 0.072674 1
0.067156 0.072005 1
0.067855 0.064504 1
0.068176 0.049538 0
0.023659 0.029841 0
0.039397 0.050455 1
0.049845 0.060673 1
0.056764 0.063074 0
0.061328 0.060043 0
0.064319 0.056206 0
0.066253 0.054704 0
0.067468 0.058226 0
0.068176 0.058907 1
0.068501 0.056452 0
0.067156 0.042649 1
0.064319 0.053379 0
0.039278 0.031847 0
0.061078 0.062312 1
0.023659 0.019477 0
0.051750 0.049867 0
0.064041 0.079141 0
0.023220 0.023978 0
0.067156 0.075790 0
0.056549 0.059513 0
0.059575 0.056822 1
0.064183 0.061904 0
0.031125 0.034486 1
0.022819 0.015344 0
0.056549 0.048442 0
0.036519 0.023932 0
0.060529 0.036925 0
0.049298 0.040509 1
0.042967 0.037161 0
0.056077 0.068696 1
0.062382 0.025973 0
0.016161 0.014313 0
0.048635 0.050413 1
0.060529 0.033656 0
0.023461 0.017976 0
0.037776 0.034902 0
0.049674 0.052275 1
0.034475 0.028709 1
0.010609 0.014019 0
0.021076 0.034650 1
0.068501 0.063605 0
0.061078 0.059291 1
0.061328 0.055284 1
0.042967 0.069547 1
0.022819 0.025168 1
0.066476 0.067170 1
0.068176 0.071217 1
0.023659 0.019721 0
0.016161 0.019115 0
0.061328 0.067843 1
0.062382 0.062106 0
0.064183 0.062612 0
0.039014 0.043463 1
0.016161 0.019572 1
0.060529 0.073842 1
0.023220 0.027315 1
0.023220 0.027350 1
0.061078 0.044203 1
0.064319 0.045311 0
0.056549 0.057562 1
0.045786 0.034947 0
0.034475 0.026305 0
0.056764 0.056527 0
0.023461 0.019744 0
0.049298 0.043411 0
0.049298 0.035307 0
0.016161 0.010957 0
0.039278 0.039904 0
0.038437 0.024946 0
0.045786 0.081168 0
0.065956 0.040219 0
0.055579 0.090870 1
0.061328 0.054890 1
0.023597 0.019764 0
0.064041 0.057272 0
0.039397 0.032526 1
0.022160 0.020195 0
0.064319 0.074952 1
0.059575 0.074178 0
0.067468 0.074780 1
0.023597 0.022795 0
0.060529 0.052772 0
0.060529 0.070244 0
0.065305 0.055989 0
0.019265 0.022610 1
0.022160 0.015753 1
0.061078 0.065372 1
0.056764 0.052093 0
0.037776 0.020248 0
0.061328 0.058132 0
0.059575 0.027512 0
0.048635 0.028660 0
0.022819 0.039798 1
0.048345 0.032391 0
0.037776 0.067787 1
0.059575 0.024747 0
0.047544 0.045041 0
0.056549 0.057657 1
0.038548 0.030905 0
0.023220 0.019649 0
0.031125 0.021414 0
0.049845 0.059549 1
0.067156 0.068499 1
0.065305 0.034297 0
0.031125 0.024759 1
0.060686 0.097596 1
0.067156 0.058977 0
0.064319 0.051044 0
0.053902 0.059758 0
0.023461 0.025303 0
0.067855 0.067855 1
0.056764 0.053439 0
0.010609 0.012894 0
0.063434 0.073110 0
0.062382 0.056565 1
0.025560 0.034726 1
0.025560 0.029759 1
0.059575 0.063143 1
0.038548 0.045441 1
0.023461 0.025769 0
0.059575 0.100322 1
0.036519 0.033080 1
0.042967 0.030904 0
0.022819 0.020694 1
0.022160 0.019870 1
0.042967 0.032608 0
0.056077 0.034602 0
0.010609 0.008238 0
0.039278 0.038548 0
0.042967 0.033317 0
0.064041 0.041943 1
0.061328 0.051403 1
0.023461 0.036234 1
0.067468 0.058929 1
0.039278 0.044004 1
0.049845 0.042581 0
0.036519 0.032039 0
0.060686 0.069145 0
0.067468 0.067631 0
0.039278 0.038858 0
0.055579 0.058006 0
0.065956 0.052245 0
0.042967 0.032714 1
0.055251 0.028887 0
0.038548 0.026301 0
0.058026 0.021164 0
0.049845 0.052350 1
0.058026 0.022657 0
0.021076 0.023254 0
0.065305 0.031580 0
0.051750 0.029804 1
0.045786 0.039507 0
0.056077 0.050437 0
0.023220 0.020398 0
0.023659 0.022716 0
0.034475 0.027900 1
0.049845 0.061428 1
0.037776 0.030094 0
0.049674 0.069069 0
0.023461 0.026842 1
0.065956 0.052857 0
0.049845 0.055488 0
0.047544 0.051260 1
0.039014 0.042139 1
0.067855 0.068085 1
0.049845 0.045664 0
0.058026 0.043877 0
0.059575 0.052439 1
0.066476 0.060239 1
0.031125 0.032314 1
0.036519 0.031041 1
0.048635 0.057545 0
0.023659 0.028240 1
0.048635 0.040023 0
0.039278 0.042419 1
0.021076 0.016223 1
0.022160 0.022539 0
0.048345 0.035452 1
0.066253 0.038587 0
0.037776 0.031305 0
0.022819 0.017704 0
0.038437 0.026933 0
0.023461 0.019575 0
0.021076 0.018150 0
0.039397 0.042831 1
0.039397 0.043349 0
0.061078 0.044074 0
0.031125 0.021320 0
0.064319 0.046070 0
0.067468 0.033866 0
0.066253 0.048450 0
0.023597 0.025853 0
0.056764 0.049444 1
0.058026 0.068260 1
0.067156 0.063996 1
0.058026 0.062389 1
0.047544 0.039398 1
0.066253 0.064271 0
0.038437 0.036989 1
0.056077 0.039830 1
0.039014 0.034942 0
0.055579 0.023261 0
0.049674 0.048955 1
0.060686 0.021752 0
0.034475 0.034725 1
0.064183 0.027146 1
0.055251 0.049025 0
0.055251 0.029671 0
0.023597 0.020550 0
0.016161 0.011652 0
0.049674 0.058488 0
0.048345 0.036682 0
0.036519 0.030390 1
0.053902 0.051319 1
0.056764 0.058204 0
0.049298 0.050802 1
0.068176 0.070997 0
0.060686 0.052564 0
0.055251 0.048300 0
0.065305 0.060663 0
0.034475 0.029108 0
0.022160 0.020772 0
0.055251 0.066047 1
0.023597 0.026670 0
0.056764 0.074080 1
0.039397 0.045797 1
0.051750 0.041421 0
0.065956 0.032117 0
0.047544 0.032695 0
0.019265 0.017625 0
0.031125 0.020767 0
0.039014 0.030875 1
0.019265 0.014651 0
0.038548 0.034693 0
0.066253 0.048089 0
0.068501 0.064171 1
0.056549 0.057179 0
0.063434 0.050164 0
0.060529 0.058627 1
0.061328 0.077944 1
0.053902 0.041224 0
0.066253 0.072928 0
0.023220 0.018145 0
0.051750 0.025205 0
0.062382 0.026442 0
0.067156 0.033692 0
0.048635 0.031824 1
0.023597 0.021990 0
0.025560 0.017441 0
0.045786 0.038339 0
0.042967 0.030993 0
0.039014 0.033629 1
0.068176 0.042935 0
0.068176 0.054541 1
0.023659 0.026908 0
0.045786 0.037468 0
0.056077 0.054950 0
0.065956 0.058076 0
0.064319 0.060901 0
0.048635 0.045870 0
0.063434 0.066771 1
0.051750 0.036503 0
0.059575 0.072322 1
0.023461 0.022463 1
0.047544 0.023331 0
0.056549 0.042734 1
0.053902 0.051461 1
0.053902 0.027872 0
0.021076 0.019794 1
0.019265 0.014300 1
0.056549 0.072955 1
0.022819 0.019955 1
0.039014 0.036013 0
0.025560 0.019314 0
0.067468 0.051465 0
0.068176 0.065198 0
0.049674 0.053624 1
0.066253 0.047684 0
0.063434 0.032168 0
0.062382 0.060611 1
0.063434 0.059475 0
0.021076 0.019440 0
0.061078 0.079340 1
0.022819 0.022872 1
0.065956 0.077877 1
0.056077 0.064574 0
0.058026 0.051136 0
0.053902 0.021842 0
0.063434 0.033775 0
0.051750 0.047979 1
0.023659 0.023389 0
0.047544 0.038716 0
0.034475 0.022748 0
0.038548 0.028813 0
0.019265 0.013942 0
0.067855 0.041103 0
0.068501 0.052991 0
0.039397 0.045850 0
0.039397 0.046205 0
0.049674 0.039601 0
0.067156 0.061505 0
0.056764 0.068581 1
0.064041 0.054103 0
0.038548 0.039133 0
0.060529 0.069539 1
0.049674 0.049601 1
0.045786 0.035737 0
0.062382 0.070101 1
0.023220 0.017069 0
0.045786 0.025012 0
