0.026656 0.011923 0
0.042436 0.028254 0
0.052049 0.038276 0
0.057628 0.053527 0
0.060203 0.049302 1
0.060203 0.046599 1
0.057628 0.041171 0
0.052049 0.037102 0
0.042436 0.034152 0
0.026656 0.020328 0
0.042436 0.024345 0
0.069921 0.040419 0
0.087396 0.073108 0
0.097749 0.079927 1
0.102571 0.082907 0
0.102571 0.074673 0
0.097749 0.075670 0
0.087396 0.068478 0
0.069921 0.055521 1
0.042436 0.038885 0
0.052049 0.029642 0
0.087396 0.063260 0
0.110543 0.083528 1
0.124492 0.095523 1
0.131045 0.094737 0
0.131045 0.105117 0
0.124492 0.097248 1
0.110543 0.099823 0
0.087396 0.085008 0
0.052049 0.047664 0
0.057628 0.043781 0
0.097749 0.070983 0
0.124492 0.093825 0
0.140791 0.096660 0
0.148495 0.107697 0
0.148495 0.108445 1
0.140791 0.120965 0
0.124492 0.105590 1
0.097749 0.092101 1
0.057628 0.060289 0
0.060203 0.049653 1
0.102571 0.078747 1
0.131045 0.090445 1
0.148495 0.105479 0
0.156770 0.123288 0
0.156770 0.139824 0
0.148495 0.115744 0
0.131045 0.110639 0
0.102571 0.092787 0
0.060203 0.055506 1
0.060203 0.042431 1
0.102571 0.073223 0
0.131045 0.088085 0
0.148495 0.117007 0
0.156770 0.157980 1
0.156770 0.170842 1
0.148495 0.161925 0
0.131045 0.133318 0
0.102571 0.109666 0
0.060203 0.064989 0
0.057628 0.041450 0
0.097749 0.059226 0
0.124492 0.085537 0
0.140791 0.120126 0
0.148495 0.170247 1
0.148495 0.216827 0
0.140791 0.209503 0
0.124492 0.178484 1
0.097749 0.139110 1
0.057628 0.077431 0
0.052049 0.040364 0
0.087396 0.068946 0
0.110543 0.077091 1
0.124492 0.101009 0
0.131045 0.165412 0
0.131045 0.201860 1
0.124492 0.216078 1
0.110543 0.191834 0
0.087396 0.132202 1
0.052049 0.072658 0
0.042436 0.042000 1
0.069921 0.060004 1
0.087396 0.069087 0
0.097749 0.085691 0
0.102571 0.105842 0
0.102571 0.163245 0
0.097749 0.164272 1
0.087396 0.135463 0
0.069921 0.093157 0
0.042436 0.043807 0
0.026656 0.028548 1
0.042436 0.043110 0
0.052049 0.044713 0
0.057628 0.041754 1
0.060203 0.069024 0
0.060203 0.080882 1
0.057628 0.090061 0
0.052049 0.067997 0
0.042436 0.039760 0
0.026656 0.021643 0
