0.026656 0.024626 1
0.042436 0.038531 0
0.052049 0.073074 0
0.057628 0.071315 1
0.060203 0.070589 0
0.060203 0.032211 0
0.057628 0.028760 0
0.052049 0.033043 0
0.042436 0.031056 1
0.026656 0.025743 0
0.042436 0.029710 0
0.069921 0.080919 0
0.087396 0.107213 0
0.097749 0.153154 0
0.102571 0.089652 0
0.102571 0.064154 0
0.097749 0.033098 0
0.087396 0.035157 0
0.069921 0.041894 0
0.042436 0.027698 0
0.052049 0.070614 0
0.087396 0.115142 0
0.110543 0.195938 0
0.124492 0.166864 1
0.131045 0.133843 0
0.131045 0.051082 0
0.124492 0.037637 0
0.110543 0.042216 0
0.087396 0.040021 0
0.052049 0.026494 0
0.057628 0.103910 0
0.097749 0.228341 0
0.124492 0.258294 0
0.140791 0.212954 0
0.148495 0.114473 0
0.148495 0.054317 0
0.140791 0.054086 0
0.124492 0.067318 0
0.097749 0.067985 0
0.057628 0.046506 0
0.060203 0.159923 0
0.102571 0.253104 1
0.131045 0.277486 1
0.148495 0.216892 0
0.156770 0.091111 0
0.156770 0.067954 0
0.148495 0.080671 0
0.131045 0.138965 0
0.102571 0.137760 0
0.060203 0.073034 0
0.060203 0.104602 0
0.102571 0.203321 0
0.131045 0.214724 0
0.148495 0.123876 0
0.156770 0.079166 0
0.156770 0.050873 0
0.148495 0.125761 0
0.131045 0.165323 1
0.102571 0.164516 1
0.060203 0.109581 0
0.057628 0.064152 0
0.097749 0.095433 0
0.124492 0.091392 0
0.140791 0.070903 0
0.148495 0.029297 0
0.148495 0.054086 0
0.140791 0.080671 0
0.124492 0.138965 0
0.097749 0.137760 0
0.057628 0.073034 0
0.052049 0.036885 0
0.087396 0.051348 0
0.110543 0.048934 0
0.124492 0.029297 0
0.131045 0.029297 0
0.131045 0.029297 0
0.124492 0.054086 0
0.110543 0.067318 0
0.087396 0.066433 0
0.052049 0.046506 0
0.042436 0.038470 1
0.069921 0.047850 0
0.087396 0.035862 0
0.097749 0.030364 0
0.102571 0.028441 0
0.102571 0.028441 0
0.097749 0.028441 0
0.087396 0.036704 0
0.069921 0.035808 0
0.042436 0.020982 0
0.026656 0.030587 1
0.042436 0.035635 0
0.052049 0.028978 0
0.057628 0.023367 0
0.060203 0.021838 0
0.060203 0.021838 0
0.057628 0.021838 0
0.052049 0.021838 0
0.042436 0.020982 0
0.026656 0.016091 0
