120 1
123 1
208 1
357 1
3 2
129 2
206 2
2 3
4 3
79 3
3 4
14 4
31 4
20 5
122 5
16 6
31 6
147 6
120 7
123 7
301 7
363 7
101 8
194 8
240 8
336 8
10 9
19 9
250 9
9 10
263 10
389 10
21 11
129 11
206 11
13 12
274 12
362 12
12 13
126 13
242 13
246 13
4 14
15 14
24 14
79 14
14 15
16 15
25 15
31 15
6 16
15 16
17 16
26 16
16 17
18 17
27 17
147 17
17 18
19 18
28 18
250 18
9 19
18 19
29 19
389 19
5 20
364 20
385 20
11 21
22 21
130 21
21 22
23 22
32 22
206 22
22 23
24 23
79 23
134 23
14 24
23 24
25 24
34 24
15 25
24 25
26 25
35 25
16 26
25 26
27 26
36 26
17 27
26 27
28 27
37 27
18 28
27 28
29 28
38 28
19 29
28 29
30 29
150 29
29 30
153 30
237 30
389 30
4 31
6 31
15 31
22 32
42 32
130 32
134 32
40 33
99 33
131 33
201 33
24 34
35 34
44 34
134 34
25 35
34 35
36 35
162 35
26 36
35 36
37 36
46 36
27 37
36 37
38 37
169 37
28 38
37 38
150 38
173 38
132 39
198 39
251 39
371 39
33 40
98 40
197 40
368 40
42 41
130 41
183 41
32 42
41 42
160 42
185 42
135 43
209 43
227 43
253 43
34 44
54 44
160 44
162 44
136 45
142 45
251 45
371 45
36 46
162 46
169 46
196 46
138 47
166 47
230 47
256 47
139 48
260 48
372 48
140 49
172 49
188 49
393 49
261 50
287 50
374 50
394 50
136 51
142 51
204 51
375 51
143 52
262 52
376 52
396 52
54 53
63 53
160 53
185 53
44 54
53 54
55 54
64 54
54 55
162 55
196 55
211 55
257 56
317 56
352 56
377 56
58 57
67 57
169 57
196 57
57 58
59 58
68 58
173 58
58 59
60 59
69 59
177 59
59 60
70 60
149 60
180 60
62 61
183 61
223 61
61 62
63 62
72 62
185 62
53 63
62 63
64 63
73 63
54 64
63 64
74 64
211 64
148 65
149 65
178 65
180 65
67 66
76 66
196 66
211 66
57 67
66 67
68 67
77 67
58 68
67 68
69 68
78 68
59 69
68 69
70 69
193 69
60 70
69 70
80 70
269 70
148 71
149 71
318 71
379 71
62 72
73 72
82 72
223 72
63 73
72 73
74 73
249 73
64 74
73 74
75 74
84 74
74 75
76 75
85 75
211 75
66 76
75 76
77 76
86 76
67 77
76 77
78 77
87 77
68 78
77 78
88 78
193 78
3 79
14 79
23 79
206 79
70 80
90 80
193 80
280 80
82 81
91 81
223 81
72 82
81 82
92 82
249 82
152 83
312 83
360 83
74 84
85 84
94 84
249 84
75 85
84 85
86 85
95 85
76 86
85 86
87 86
96 86
77 87
86 87
88 87
97 87
78 88
87 88
89 88
98 88
88 89
90 89
99 89
193 89
80 90
89 90
100 90
343 90
81 91
92 91
345 91
82 92
91 92
93 92
388 92
92 93
94 93
249 93
252 93
84 94
93 94
95 94
305 94
85 95
94 95
96 95
133 95
86 96
95 96
97 96
198 96
87 97
96 97
98 97
368 97
40 98
88 98
97 98
99 98
33 99
89 99
98 99
100 99
90 100
99 100
131 100
387 100
8 101
161 101
365 101
386 101
163 102
165 102
279 102
281 102
164 103
166 103
322 103
390 103
110 104
163 104
165 104
395 104
138 105
164 105
166 105
199 106
231 106
302 106
346 106
168 107
204 107
373 107
375 107
200 108
374 108
394 108
136 109
170 109
201 109
375 109
104 110
202 110
376 110
396 110
172 111
286 111
297 111
370 111
174 112
310 112
370 112
398 112
175 113
207 113
289 113
295 113
176 114
179 114
399 114
148 115
178 115
290 115
293 115
176 116
179 116
311 116
400 116
148 117
181 117
290 117
379 117
182 118
290 118
291 118
293 118
151 119
184 119
289 119
295 119
1 120
7 120
145 120
361 120
186 121
294 121
296 121
369 121
5 122
320 122
364 122
1 123
7 123
187 123
324 123
186 124
217 124
277 124
369 124
190 125
299 125
363 125
13 126
187 126
324 126
362 126
155 127
158 127
188 127
192 127
195 128
220 128
303 128
359 128
2 129
11 129
21 130
32 130
41 130
33 131
100 131
137 131
326 131
39 132
133 132
327 132
329 132
95 133
132 133
198 133
305 133
23 134
32 134
34 134
160 134
43 135
146 135
167 135
45 136
51 136
109 136
197 136
131 137
170 137
201 137
307 137
47 138
105 138
171 138
48 139
203 139
207 139
49 140
330 140
349 140
392 140
142 141
204 141
208 141
308 141
45 142
51 142
141 142
205 142
52 143
209 143
210 143
230 143
175 144
203 144
207 144
120 145
204 145
208 145
373 145
135 146
209 146
210 146
6 147
17 147
250 147
65 148
71 148
115 148
117 148
60 149
65 149
71 149
269 149
29 150
38 150
153 150
177 150
119 151
212 151
241 151
319 151
83 152
213 152
261 152
321 152
30 153
150 153
178 153
180 153
333 154
338 154
342 154
127 155
243 155
264 155
342 155
217 156
322 156
337 156
390 156
218 157
323 157
339 157
127 158
276 158
338 158
342 158
195 159
220 159
278 159
341 159
42 160
44 160
53 160
134 160
101 161
194 161
221 161
325 161
35 162
44 162
46 162
55 162
102 163
104 163
202 163
222 163
103 164
105 164
273 164
102 165
104 165
348 165
351 165
47 166
103 166
105 166
226 166
135 167
227 167
266 167
107 168
330 168
332 168
349 168
37 169
46 169
57 169
173 169
109 170
137 170
229 170
332 170
138 171
210 171
230 171
49 172
111 172
243 172
328 172
38 173
58 173
169 173
177 173
112 174
232 174
259 174
328 174
113 175
144 175
239 175
114 176
116 176
372 176
59 177
150 177
173 177
180 177
65 178
115 178
153 178
237 178
114 179
116 179
235 179
355 179
60 180
65 180
153 180
177 180
117 181
234 181
236 181
335 181
118 182
234 182
235 182
355 182
41 183
61 183
185 183
119 184
233 184
241 184
334 184
42 185
53 185
62 185
183 185
121 186
124 186
238 186
298 186
123 187
126 187
242 187
357 187
49 188
127 188
243 188
392 188
244 189
270 189
322 189
337 189
125 190
324 190
362 190
246 191
272 191
323 191
339 191
127 192
247 192
276 192
392 192
69 193
78 193
80 193
89 193
8 194
161 194
296 194
369 194
128 195
159 195
320 195
364 195
46 196
55 196
57 196
66 196
40 197
136 197
201 197
251 197
39 198
96 198
133 198
368 198
106 199
253 199
284 199
313 199
108 200
254 200
282 200
33 201
109 201
137 201
197 201
110 202
163 202
256 202
283 202
139 203
144 203
51 204
107 204
141 204
145 204
142 205
258 205
308 205
371 205
2 206
11 206
22 206
79 206
113 207
139 207
144 207
260 207
1 208
141 208
145 208
377 208
43 209
143 209
146 209
262 209
143 210
146 210
171 210
55 211
64 211
66 211
75 211
151 212
267 212
270 212
295 212
152 213
268 213
272 213
397 213
244 214
267 214
270 214
271 215
303 215
359 215
242 216
246 216
268 216
272 216
124 217
156 217
298 217
356 217
157 218
300 218
275 219
299 219
301 219
363 219
128 220
159 220
302 220
340 220
161 221
277 221
279 221
369 221
163 222
277 222
279 222
283 222
61 223
72 223
81 223
281 224
365 224
366 224
391 224
254 225
282 225
367 225
388 225
166 226
256 226
283 226
390 226
43 227
167 227
346 227
383 227
284 228
286 228
370 228
398 228
170 229
285 229
288 229
307 229
47 230
143 230
171 230
396 230
106 231
284 231
286 231
380 231
174 232
285 232
288 232
393 232
184 233
289 233
311 233
400 233
181 234
182 234
290 234
378 234
179 235
182 235
291 235
399 235
181 236
292 236
294 236
378 236
30 237
178 237
293 237
316 237
186 238
292 238
294 238
358 238
175 239
267 239
295 239
8 240
296 240
318 240
379 240
151 241
184 241
292 241
358 241
13 242
187 242
216 242
317 242
155 243
172 243
188 243
297 243
189 244
214 244
273 244
275 245
299 245
381 245
13 246
191 246
216 246
274 246
192 247
275 247
301 247
315 247
271 248
303 248
382 248
384 248
73 249
82 249
84 249
93 249
9 250
18 250
147 250
39 251
45 251
197 251
368 251
93 252
305 252
367 252
388 252
43 253
199 253
262 253
346 253
200 254
225 254
306 254
394 254
285 255
307 255
366 255
391 255
47 256
202 256
226 256
396 256
56 257
258 257
308 257
331 257
205 258
257 258
309 258
329 258
174 259
285 259
310 259
391 259
48 260
207 260
289 260
311 260
50 261
152 261
312 261
397 261
52 262
209 262
253 262
313 262
10 263
314 263
316 263
155 264
297 264
382 264
384 264
291 265
293 265
314 265
316 265
167 266
383 266
385 266
212 267
214 267
239 267
213 268
216 268
317 268
352 268
70 269
149 269
280 269
318 269
189 270
212 270
214 270
319 270
215 271
248 271
333 271
191 272
213 272
216 272
321 272
164 273
244 273
322 273
12 274
246 274
323 274
219 275
245 275
247 275
276 275
158 276
192 276
275 276
381 276
124 277
221 277
222 277
356 277
159 278
364 278
383 278
385 278
102 279
221 279
222 279
325 279
80 280
269 280
336 280
343 280
102 281
224 281
325 281
348 281
200 282
225 282
345 282
202 283
222 283
226 283
356 283
199 284
228 284
231 284
353 284
229 285
232 285
255 285
259 285
111 286
228 286
231 286
304 286
50 287
331 287
350 287
397 287
229 288
232 288
332 288
349 288
113 289
119 289
233 289
260 289
115 290
117 290
118 290
234 290
118 291
235 291
265 291
354 291
236 292
238 292
241 292
334 292
115 293
118 293
237 293
265 293
121 294
236 294
238 294
335 294
113 295
119 295
212 295
239 295
121 296
194 296
240 296
335 296
111 297
243 297
264 297
304 297
186 298
217 298
337 298
358 298
125 299
219 299
245 299
218 300
339 300
360 300
7 301
219 301
247 301
361 301
106 302
220 302
341 302
380 302
128 303
215 303
248 303
340 303
286 304
297 304
380 304
382 304
94 305
133 305
252 305
327 305
254 306
347 306
350 306
367 306
137 307
229 307
255 307
326 307
141 308
205 308
257 308
377 308
258 309
331 309
347 309
350 309
112 310
259 310
348 310
351 310
116 311
233 311
260 311
372 311
83 312
261 312
374 312
199 313
262 313
353 313
376 313
263 314
265 314
354 314
247 315
330 315
361 315
392 315
237 316
263 316
265 316
389 316
56 317
242 317
268 317
357 317
71 318
240 318
269 318
336 318
151 319
270 319
337 319
358 319
122 320
195 320
359 320
152 321
272 321
339 321
360 321
103 322
156 322
189 322
273 322
157 323
191 323
274 323
123 324
126 324
190 324
363 324
161 325
279 325
281 325
365 325
131 326
307 326
366 326
387 326
132 327
305 327
347 327
367 327
172 328
174 328
370 328
393 328
132 329
258 329
347 329
371 329
140 330
168 330
315 330
373 330
257 331
287 331
309 331
352 331
168 332
170 332
288 332
375 332
154 333
271 333
384 333
184 334
292 334
378 334
400 334
181 335
294 335
296 335
379 335
8 336
280 336
318 336
386 336
156 337
189 337
298 337
319 337
154 338
158 338
381 338
157 339
191 339
300 339
321 339
220 340
303 340
380 340
382 340
159 341
302 341
346 341
383 341
154 342
155 342
158 342
384 342
90 343
280 343
386 343
387 343
365 344
366 344
386 344
387 344
91 345
282 345
388 345
106 346
227 346
253 346
341 346
306 347
309 347
327 347
329 347
165 348
281 348
310 348
391 348
140 349
168 349
288 349
393 349
287 350
306 350
309 350
394 350
165 351
310 351
395 351
398 351
56 352
268 352
331 352
397 352
284 353
313 353
395 353
398 353
291 354
314 354
399 354
179 355
182 355
378 355
400 355
217 356
277 356
283 356
390 356
1 357
187 357
317 357
377 357
238 358
241 358
298 358
319 358
128 359
215 359
320 359
83 360
300 360
321 360
120 361
301 361
315 361
373 361
12 362
126 362
190 362
7 363
125 363
219 363
324 363
20 364
122 364
195 364
278 364
101 365
224 365
325 365
344 365
224 366
255 366
326 366
344 366
225 367
252 367
306 367
327 367
40 368
97 368
198 368
251 368
121 369
124 369
194 369
221 369
111 370
112 370
228 370
328 370
39 371
45 371
205 371
329 371
48 372
176 372
311 372
107 373
145 373
330 373
361 373
50 374
108 374
312 374
51 375
107 375
109 375
332 375
52 376
110 376
313 376
395 376
56 377
208 377
308 377
357 377
234 378
236 378
334 378
355 378
71 379
117 379
240 379
335 379
231 380
302 380
304 380
340 380
245 381
276 381
338 381
248 382
264 382
304 382
340 382
227 383
266 383
278 383
341 383
248 384
264 384
333 384
342 384
20 385
266 385
278 385
101 386
336 386
343 386
344 386
100 387
326 387
343 387
344 387
92 388
225 388
252 388
345 388
10 389
19 389
30 389
316 389
103 390
156 390
226 390
356 390
224 391
255 391
259 391
348 391
140 392
188 392
192 392
315 392
49 393
232 393
328 393
349 393
50 394
108 394
254 394
350 394
104 395
351 395
353 395
376 395
52 396
110 396
230 396
256 396
213 397
261 397
287 397
352 397
112 398
228 398
351 398
353 398
114 399
235 399
354 399
116 400
233 400
334 400
355 400
