0.026656 0.024421 0
0.042436 0.037744 1
0.052049 0.044901 1
0.057628 0.048571 0
0.060203 0.049895 1
0.060203 0.047914 1
0.057628 0.044813 1
0.052049 0.044735 1
0.042436 0.039963 1
0.026656 0.026397 1
0.042436 0.036063 1
0.069921 0.057122 1
0.087396 0.068405 1
0.097749 0.074426 1
0.102571 0.077966 1
0.102571 0.071916 1
0.097749 0.072675 0
0.087396 0.069289 1
0.069921 0.064079 1
0.042436 0.041649 0
0.052049 0.043160 0
0.087396 0.069120 0
0.110543 0.083449 0
0.124492 0.089335 0
0.131045 0.089122 1
0.131045 0.091996 0
0.124492 0.089865 0
0.110543 0.091491 0
0.087396 0.079591 1
0.052049 0.051397 1
0.057628 0.050986 1
0.097749 0.083892 1
0.124492 0.101396 1
0.140791 0.111968 0
0.148495 0.115615 0
0.148495 0.117201 0
0.140791 0.116254 1
0.124492 0.111478 1
0.097749 0.095761 1
0.057628 0.059146 1
0.060203 0.058831 0
0.102571 0.101159 0
0.131045 0.127308 1
0.148495 0.140682 1
0.156770 0.148077 1
0.156770 0.149075 1
0.148495 0.145401 1
0.131045 0.131447 0
0.102571 0.105448 1
0.060203 0.063843 1
0.060203 0.063175 1
0.102571 0.109175 1
0.131045 0.142629 1
0.148495 0.162165 1
0.156770 0.171412 1
0.156770 0.171506 1
0.148495 0.161253 1
0.131045 0.141352 0
0.102571 0.109127 1
0.060203 0.064966 1
0.057628 0.061132 1
0.097749 0.107261 1
0.124492 0.142186 1
0.140791 0.163295 1
0.148495 0.172802 0
0.148495 0.173185 1
0.140791 0.163180 1
0.124492 0.140205 1
0.097749 0.109772 0
0.057628 0.063404 0
0.052049 0.052223 0
0.087396 0.095491 0
0.110543 0.125896 1
0.124492 0.145330 0
0.131045 0.152152 1
0.131045 0.154068 1
0.124492 0.147386 1
0.110543 0.130021 1
0.087396 0.100662 1
0.052049 0.059131 1
0.042436 0.042347 0
0.069921 0.073027 1
0.087396 0.098601 1
0.097749 0.110161 1
0.102571 0.114923 0
0.102571 0.113303 1
0.097749 0.112358 1
0.087396 0.102768 1
0.069921 0.082144 1
0.042436 0.049257 1
0.026656 0.025643 0
0.042436 0.044723 1
0.052049 0.057801 1
0.057628 0.062364 1
0.060203 0.061654 0
0.060203 0.063153 0
0.057628 0.062301 0
0.052049 0.058823 1
0.042436 0.049179 1
0.026656 0.030655 1
