0.055251 0.061253 1
0.016161 0.019471 0
0.019265 0.023072 0
0.021076 0.026553 0
0.010609 0.011089 1
0.022819 0.029700 1
0.049298 0.050295 1
0.066476 0.056252 1
0.023597 0.028431 1
0.023659 0.027998 0
0.016161 0.019991 0
0.022160 0.022908 1
0.036519 0.039101 0
0.034475 0.045876 0
0.036519 0.049812 1
0.037776 0.051974 0
0.038548 0.051931 1
0.039014 0.050442 0
0.039278 0.048172 1
0.016161 0.017238 0
0.019265 0.024576 1
0.031125 0.041280 0
0.038437 0.052689 1
0.042967 0.060249 1
0.045786 0.065113 1
0.047544 0.067438 0
0.048635 0.067327 1
0.049298 0.064497 1
0.049674 0.060931 0
0.049845 0.056531 0
0.022160 0.028179 0
0.034475 0.045373 1
0.068176 0.055783 0
0.048345 0.068365 0
0.051750 0.074357 1
0.053902 0.077113 1
0.055251 0.076917 0
0.056077 0.073326 1
0.064041 0.065618 1
0.067468 0.050869 0
0.022160 0.026143 1
0.036519 0.044940 1
0.037776 0.035082 0
0.051750 0.070925 1
0.065305 0.063478 0
0.058026 0.081523 0
0.039397 0.033430 0
0.019265 0.020066 1
0.061078 0.048291 1
0.037776 0.042712 1
0.065305 0.061439 1
0.049298 0.043342 1
0.047544 0.055248 1
0.053902 0.068562 1
0.058026 0.077271 0
0.055579 0.069853 0
0.062382 0.080672 1
0.063434 0.075705 1
0.064041 0.067269 0
0.064319 0.058327 0
0.023220 0.016729 0
0.038548 0.032206 0
0.048635 0.046541 0
0.055251 0.062610 1
0.061328 0.052553 0
0.062382 0.077661 1
0.064183 0.075970 1
0.065305 0.071767 0
0.065956 0.065997 1
0.066253 0.057320 0
0.064041 0.050744 0
0.039014 0.023916 0
0.049298 0.041403 0
0.056077 0.055601 1
0.060529 0.068222 1
0.063434 0.072161 1
0.065305 0.069371 0
0.066476 0.068300 0
0.031125 0.040800 1
0.067468 0.060860 1
0.023597 0.013038 0
0.039278 0.026766 0
0.021076 0.024384 1
0.056549 0.055038 0
0.061078 0.064597 0
0.064041 0.067477 1
0.065956 0.065919 0
0.067156 0.063404 1
0.067855 0.065117 1
0.068176 0.064861 0
0.023659 0.018257 0
0.039397 0.031447 0
0.049845 0.045340 1
0.056764 0.057157 0
0.061328 0.065010 1
0.064319 0.065258 1
0.066253 0.060536 0
0.067468 0.058952 1
0.068176 0.060001 0
0.068501 0.063799 1
0.067156 0.057625 0
0.064319 0.053106 0
0.039278 0.036957 1
0.061078 0.048857 1
0.023659 0.021273 0
0.051750 0.050884 0
0.064041 0.056438 0
0.023220 0.024451 0
0.067156 0.056428 1
0.056549 0.045850 0
0.059575 0.050196 0
0.064183 0.052915 1
0.031125 0.035960 1
0.022819 0.023232 0
0.056549 0.050940 1
0.036519 0.037625 0
0.060529 0.054958 0
0.049298 0.048569 0
0.042967 0.049320 1
0.056077 0.060146 1
0.062382 0.062837 1
0.016161 0.017450 0
0.048635 0.049827 0
0.060529 0.056599 1
0.023461 0.021828 0
0.037776 0.036277 0
0.049674 0.047975 0
0.034475 0.036883 1
0.010609 0.012231 1
0.021076 0.026613 1
0.068501 0.059008 0
0.061078 0.067411 1
0.061328 0.065998 1
0.042967 0.058897 1
0.022819 0.021406 1
0.066476 0.057553 0
0.068176 0.057585 1
0.023659 0.020532 1
0.016161 0.017771 1
0.061328 0.051137 1
0.062382 0.067665 0
0.064183 0.066223 1
0.039014 0.036405 1
0.016161 0.018191 0
0.060529 0.063558 1
0.023220 0.022474 1
0.023220 0.029863 0
0.061078 0.050272 0
0.064319 0.048257 1
0.056549 0.067131 0
0.045786 0.050154 0
0.034475 0.042514 1
0.056764 0.059739 1
0.023461 0.023001 1
0.049298 0.044973 1
0.049298 0.046093 1
0.016161 0.018515 0
0.039278 0.038503 0
0.038437 0.041316 0
0.045786 0.059828 1
0.065956 0.059861 0
0.055579 0.077993 1
0.061328 0.051069 1
0.023597 0.021920 0
0.064041 0.051505 0
0.039397 0.035114 0
0.022160 0.020115 0
0.064319 0.050409 0
0.059575 0.081140 1
0.067468 0.055160 1
0.023597 0.021944 0
0.060529 0.047832 0
0.060529 0.076821 1
0.065305 0.050419 1
0.019265 0.021954 0
0.022160 0.022082 0
0.061078 0.068350 1
0.056764 0.054477 0
0.037776 0.039788 1
0.061328 0.058156 0
0.059575 0.060439 1
0.048635 0.049840 0
0.022819 0.022650 1
0.048345 0.055176 0
0.037776 0.039440 0
0.059575 0.055398 0
0.047544 0.050257 0
0.056549 0.051080 0
0.038548 0.038646 1
0.023220 0.019984 1
0.031125 0.038121 0
0.049845 0.049578 0
0.067156 0.065393 0
0.065305 0.062651 1
0.031125 0.034096 1
0.060686 0.081230 1
0.067156 0.054349 0
0.064319 0.063706 0
0.053902 0.051096 1
0.023461 0.023492 1
0.067855 0.052430 0
0.056764 0.046439 0
0.010609 0.011632 1
0.063434 0.062787 0
0.062382 0.070528 1
0.025560 0.032590 1
0.025560 0.028749 1
0.059575 0.066902 1
0.038548 0.037074 0
0.023461 0.022759 0
0.059575 0.073451 0
0.036519 0.040009 0
0.042967 0.054741 1
0.022819 0.023857 0
0.022160 0.022011 1
0.042967 0.053399 1
0.056077 0.049938 0
0.010609 0.011655 0
0.039278 0.039645 1
0.042967 0.045002 1
0.064041 0.060555 1
0.061328 0.055409 0
0.023461 0.014323 0
0.067468 0.056663 0
0.039278 0.038669 1
0.049845 0.043513 1
0.036519 0.034259 0
0.060686 0.053128 1
0.067468 0.053352 0
0.039278 0.034228 1
0.055579 0.052938 1
0.065956 0.047013 0
0.042967 0.047913 1
0.055251 0.056355 1
0.038548 0.040527 1
0.058026 0.062785 0
0.049845 0.052536 1
0.058026 0.058278 0
0.021076 0.023425 1
0.065305 0.057505 1
0.051750 0.055553 1
0.045786 0.053027 1
0.056077 0.049557 1
0.023220 0.023331 1
0.023659 0.024323 0
0.034475 0.040820 1
0.049845 0.051395 1
0.037776 0.033813 0
0.049674 0.038865 0
0.023461 0.029600 0
0.065956 0.056689 1
0.049845 0.049994 1
0.047544 0.045465 1
0.039014 0.039610 0
0.067855 0.059591 1
0.049845 0.041402 0
0.058026 0.070984 1
0.059575 0.070300 1
0.066476 0.055617 1
0.031125 0.033809 0
0.036519 0.043893 0
0.048635 0.045833 1
0.023659 0.027167 0
0.048635 0.043326 0
0.039278 0.042179 1
0.021076 0.020616 1
0.022160 0.023806 0
0.048345 0.061824 0
0.066253 0.051837 0
0.037776 0.039426 1
0.022819 0.021007 0
0.038437 0.048416 1
0.023461 0.023142 0
0.021076 0.024236 1
0.039397 0.041033 1
0.039397 0.040399 1
0.061078 0.056976 0
0.031125 0.032841 1
0.064319 0.057178 1
0.067468 0.054714 0
0.066253 0.053168 0
0.023597 0.023480 1
0.056764 0.049499 1
0.058026 0.053432 0
0.067156 0.054684 1
0.058026 0.052237 0
0.047544 0.055158 0
0.066253 0.047225 0
0.038437 0.044013 1
0.056077 0.052543 0
0.039014 0.040290 1
0.055579 0.059683 1
0.049674 0.049602 0
0.060686 0.062641 1
0.034475 0.039259 1
0.064183 0.063820 1
0.055251 0.048321 1
0.055251 0.050476 0
0.023597 0.023054 0
0.016161 0.018024 0
0.049674 0.051770 0
0.048345 0.049215 0
0.036519 0.035801 1
0.053902 0.049772 1
0.056764 0.060366 1
0.049298 0.050334 0
0.068176 0.059927 0
0.060686 0.071044 0
0.055251 0.063219 0
0.065305 0.054316 0
0.034475 0.036545 0
0.022160 0.025560 0
0.055251 0.049285 1
0.023597 0.026200 1
0.056764 0.056241 0
0.039397 0.044438 1
0.051750 0.064190 1
0.065956 0.050056 0
0.047544 0.047757 1
0.019265 0.021022 1
0.031125 0.038050 0
0.039014 0.038232 0
0.019265 0.022783 1
0.038548 0.035102 0
0.066253 0.056424 1
0.068501 0.062481 1
0.056549 0.061457 0
0.063434 0.047233 0
0.060529 0.068883 1
0.061328 0.054150 1
0.053902 0.065361 1
0.066253 0.049827 0
0.023220 0.020973 1
0.051750 0.058469 1
0.062382 0.063109 1
0.067156 0.053477 0
0.048635 0.045586 0
0.023597 0.023788 1
0.025560 0.030471 1
0.045786 0.045156 0
0.042967 0.043433 1
0.039014 0.036772 1
0.068176 0.060523 1
0.068176 0.060145 1
0.023659 0.021556 0
0.045786 0.043573 0
0.056077 0.061654 1
0.065956 0.053027 0
0.064319 0.043978 0
0.048635 0.052867 0
0.063434 0.052328 1
0.051750 0.065725 1
0.059575 0.052826 0
0.023461 0.025410 0
0.047544 0.051596 0
0.056549 0.051572 0
0.053902 0.062889 1
0.053902 0.051398 0
0.021076 0.022600 0
0.019265 0.022526 0
0.056549 0.058630 0
0.022819 0.020781 0
0.039014 0.037505 0
0.025560 0.027691 0
0.067468 0.056985 0
0.068176 0.060739 1
0.049674 0.051223 0
0.066253 0.058040 0
0.063434 0.062962 0
0.062382 0.049864 0
0.063434 0.068424 0
0.021076 0.020207 0
0.061078 0.058993 1
0.022819 0.025092 0
0.065956 0.056612 1
0.056077 0.047392 0
0.058026 0.069528 1
0.053902 0.059167 1
0.063434 0.056338 1
0.051750 0.051082 1
0.023659 0.024352 0
0.047544 0.043638 0
0.034475 0.033724 0
0.038548 0.034767 0
0.019265 0.020166 1
0.067855 0.056379 0
0.068501 0.064030 0
0.039397 0.037507 1
0.039397 0.046405 1
0.049674 0.045914 1
0.067156 0.055758 1
0.056764 0.053817 1
0.064041 0.045078 0
0.038548 0.039762 1
0.060529 0.050341 0
0.049674 0.040735 0
0.045786 0.056746 1
0.062382 0.053732 0
0.023220 0.024753 1
0.045786 0.050503 1
