4.719957 45828.009248 0
7.514258 69664.210622 0
9.216372 80350.883484 0
10.204289 84990.868968 0
10.660170 86412.064557 0
10.660170 86696.565484 0
10.204289 85814.666079 0
9.216372 81952.258754 0
7.514258 71121.724303 0
4.719957 46744.823243 0
7.514258 69881.242479 0
12.381079 108461.208983 0
15.475354 127185.317982 0
17.308514 134383.592598 0
18.162343 137159.006087 0
18.162343 137258.334222 0
17.308514 135627.431110 0
15.475354 128759.833350 0
12.381079 110684.132685 0
7.514258 71060.129610 0
9.216372 80901.346689 0
15.475354 127453.258289 0
19.574038 149266.665877 0
22.043927 159070.600555 0
23.204330 161749.961714 0
23.204330 162000.327567 0
22.043927 159174.401545 0
19.574038 151123.337469 0
15.475354 128919.096429 0
9.216372 82045.758632 0
10.204289 85417.314314 0
17.308514 134571.479176 0
22.043927 158912.232174 0
24.929960 168530.862088 0
26.294238 171791.740151 0
26.294238 171583.840197 0
24.929960 169013.890618 0
22.043927 159649.838299 0
17.308514 136391.558387 0
10.204289 86353.691981 0
10.660170 86769.931457 0
18.162343 137100.810718 0
23.204330 161290.970609 0
26.294238 171239.098310 0
27.759445 174667.539150 0
27.759445 174532.363808 0
26.294238 171517.745678 0
23.204330 162851.873835 0
18.162343 138371.234878 0
10.660170 87721.689438 0
10.660170 86706.138870 0
18.162343 137093.313637 0
23.204330 160906.613225 0
26.294238 170761.103237 0
27.759445 173546.573260 0
27.759445 173921.136296 0
26.294238 171625.270171 0
23.204330 161733.182445 0
18.162343 138229.241623 0
10.660170 86917.944613 0
10.204289 85496.997611 0
17.308514 134399.828498 0
22.043927 157867.933455 0
24.929960 166399.417682 0
26.294238 169773.648515 0
26.294238 170261.105148 0
24.929960 167714.062604 0
22.043927 159185.567542 0
17.308514 134220.606684 0
10.204289 85111.021640 0
9.216372 80919.981617 0
15.475354 127042.143258 0
19.574038 147934.515832 0
22.043927 156514.791630 0
23.204330 159162.676487 0
23.204330 160344.206236 0
22.043927 158869.618778 0
19.574038 149319.995790 0
15.475354 127048.800897 0
9.216372 79996.963961 0
7.514258 69998.374598 0
12.381079 108387.889381 0
15.475354 125861.654403 0
17.308514 132312.831241 0
18.162343 135227.267975 0
18.162343 136711.453044 0
17.308514 134997.493957 0
15.475354 127990.112698 0
12.381079 108419.402986 0
7.514258 69394.717432 0
4.719957 46008.719186 0
7.514258 69609.302199 0
9.216372 79901.706778 0
10.204289 83900.903769 0
10.660170 85730.363566 0
10.660170 86437.908191 0
10.204289 86029.584037 0
9.216372 81262.756939 0
7.514258 69930.238511 0
4.719957 45662.476708 0
