0.055251 0.054703 1
0.016161 0.016111 0
0.019265 0.019007 0
0.021076 0.019820 1
0.010609 0.010514 0
0.022819 0.021607 0
0.049298 0.049109 1
0.066476 0.061103 0
0.023597 0.024912 1
0.023659 0.025290 1
0.016161 0.016645 1
0.022160 0.024226 1
0.036519 0.040247 1
0.034475 0.033306 1
0.036519 0.034622 0
0.037776 0.036239 1
0.038548 0.038298 1
0.039014 0.040182 1
0.039278 0.041551 1
0.016161 0.015709 1
0.019265 0.020095 1
0.031125 0.032352 1
0.038437 0.039168 1
0.042967 0.042644 0
0.045786 0.044457 0
0.047544 0.045889 1
0.048635 0.047203 1
0.049298 0.049764 1
0.049674 0.051967 1
0.049845 0.053004 1
0.022160 0.020582 0
0.034475 0.036120 1
0.068176 0.068660 1
0.048345 0.048815 1
0.051750 0.050685 1
0.053902 0.051187 1
0.055251 0.052170 0
0.056077 0.054731 0
0.064041 0.068241 1
0.067468 0.069314 0
0.022160 0.023134 1
0.036519 0.038059 1
0.037776 0.025632 0
0.051750 0.052243 1
0.065305 0.068376 1
0.058026 0.053754 1
0.039397 0.034000 1
0.019265 0.021151 0
0.061078 0.066138 1
0.037776 0.041036 1
0.065305 0.065475 1
0.049298 0.035819 0
0.047544 0.047664 1
0.053902 0.052923 0
0.058026 0.055225 1
0.055579 0.059992 1
0.062382 0.054886 0
0.063434 0.058060 1
0.064041 0.063007 0
0.064319 0.064954 1
0.023220 0.023156 1
0.038548 0.037683 1
0.048635 0.045819 1
0.055251 0.050925 1
0.061328 0.063337 1
0.062382 0.055722 1
0.064183 0.055326 0
0.065305 0.058359 1
0.065956 0.062965 1
0.066253 0.064849 1
0.064041 0.060966 1
0.039014 0.035910 1
0.049298 0.042954 0
0.056077 0.049605 0
0.060529 0.054678 0
0.063434 0.057189 1
0.065305 0.057595 0
0.066476 0.058801 0
0.031125 0.031133 0
0.067468 0.063358 1
0.023597 0.022197 1
0.039278 0.035285 1
0.021076 0.023152 1
0.056549 0.049900 0
0.061078 0.056982 1
0.064041 0.061122 1
0.065956 0.060695 1
0.067156 0.061150 0
0.067855 0.062299 0
0.068176 0.063706 0
0.023659 0.021888 1
0.039397 0.036034 1
0.049845 0.044662 1
0.056764 0.053302 1
0.061328 0.060714 1
0.064319 0.064897 1
0.066253 0.066150 1
0.067468 0.065725 1
0.068176 0.065855 1
0.068501 0.066631 1
0.067156 0.067046 1
0.064319 0.066853 1
0.039278 0.037729 1
0.061078 0.059455 0
0.023659 0.022376 1
0.051750 0.043125 0
0.064041 0.063974 1
0.023220 0.023965 1
0.067156 0.069228 1
0.056549 0.049851 1
0.059575 0.062710 1
0.064183 0.066414 0
0.031125 0.034654 1
0.022819 0.024784 1
0.056549 0.059335 1
0.036519 0.040545 1
0.060529 0.059449 1
0.049298 0.052179 0
0.042967 0.048215 1
0.056077 0.053259 0
0.062382 0.061269 1
0.016161 0.016002 1
0.048635 0.050455 1
0.060529 0.061845 1
0.023461 0.024761 1
0.037776 0.041001 1
0.049674 0.053175 1
0.034475 0.034240 1
0.010609 0.010715 1
0.021076 0.022102 1
0.068501 0.067940 1
0.061078 0.064356 1
0.061328 0.062902 1
0.042967 0.044463 0
0.022819 0.016511 1
0.066476 0.069212 1
0.068176 0.069171 0
0.023659 0.021098 1
0.016161 0.017567 1
0.061328 0.064973 1
0.062382 0.060379 0
0.064183 0.064155 0
0.039014 0.028089 0
0.016161 0.017567 1
0.060529 0.056865 0
0.023220 0.017345 1
0.023220 0.022927 0
0.061078 0.061931 1
0.064319 0.064357 1
0.056549 0.057806 1
0.045786 0.051017 1
0.034475 0.038348 1
0.056764 0.059573 0
0.023461 0.023928 0
0.049298 0.052564 1
0.049298 0.049743 1
0.016161 0.017531 1
0.039278 0.041639 1
0.038437 0.035148 0
0.045786 0.047176 1
0.065956 0.066865 1
0.055579 0.054346 1
0.061328 0.061014 1
0.023597 0.023314 1
0.064041 0.066166 1
0.039397 0.036063 1
0.022160 0.017116 1
0.064319 0.067304 1
0.059575 0.053434 0
0.067468 0.069000 0
0.023597 0.019619 0
0.060529 0.065293 0
0.060529 0.057327 1
0.065305 0.069373 0
0.019265 0.021154 1
0.022160 0.024341 1
0.061078 0.061531 1
0.056764 0.059927 0
0.037776 0.041389 1
0.061328 0.063306 1
0.059575 0.058627 1
0.048635 0.052164 1
0.022819 0.023430 1
0.048345 0.054095 1
0.037776 0.038518 1
0.059575 0.061912 1
0.047544 0.051127 1
0.056549 0.060580 1
0.038548 0.041251 1
0.023220 0.024797 0
0.031125 0.034532 0
0.049845 0.052309 1
0.067156 0.061127 1
0.065305 0.062517 1
0.031125 0.029959 1
0.060686 0.054657 0
0.067156 0.069943 1
0.064319 0.067298 1
0.053902 0.041853 1
0.023461 0.022321 1
0.067855 0.068479 0
0.056764 0.052716 0
0.010609 0.011347 1
0.063434 0.060080 0
0.062382 0.064661 1
0.025560 0.026104 1
0.025560 0.028205 0
0.059575 0.056372 1
0.038548 0.025372 1
0.023461 0.017908 1
0.059575 0.055160 1
0.036519 0.040574 1
0.042967 0.048049 1
0.022819 0.024829 1
0.022160 0.022119 0
0.042967 0.047919 1
0.056077 0.056903 1
0.010609 0.011330 0
0.039278 0.040811 1
0.042967 0.041193 1
0.064041 0.065199 1
0.061328 0.061236 1
0.023461 0.022568 0
0.067468 0.072246 0
0.039278 0.035964 0
0.049845 0.045274 0
0.036519 0.025812 0
0.060686 0.060543 1
0.067468 0.071117 1
0.039278 0.031604 0
0.055579 0.052817 1
0.065956 0.071276 1
0.042967 0.048202 1
0.055251 0.058109 1
0.038548 0.041190 1
0.058026 0.060441 1
0.049845 0.053261 1
0.058026 0.061328 1
0.021076 0.023232 0
0.065305 0.058176 0
0.051750 0.057278 1
0.045786 0.050442 1
0.056077 0.060338 1
0.023220 0.024768 1
0.023659 0.024954 1
0.034475 0.038274 1
0.049845 0.050702 1
0.037776 0.038678 1
0.049674 0.043679 0
0.023461 0.024061 1
0.065956 0.069857 1
0.049845 0.046446 0
0.047544 0.031703 0
0.039014 0.037862 0
0.067855 0.072387 1
0.049845 0.043682 0
0.058026 0.061845 1
0.059575 0.063839 1
0.066476 0.071239 1
0.031125 0.034650 1
0.036519 0.040383 1
0.048635 0.032265 0
0.023659 0.025296 1
0.048635 0.051396 0
0.039278 0.041638 1
0.021076 0.018162 1
0.022160 0.024361 1
0.048345 0.053819 1
0.066253 0.063806 1
0.037776 0.041430 1
0.022819 0.022857 0
0.038437 0.042949 1
0.023461 0.024228 1
0.021076 0.023134 0
0.039397 0.041291 0
0.039397 0.041769 1
0.061078 0.061312 0
0.031125 0.028183 1
0.064319 0.066507 0
0.067468 0.064237 0
0.066253 0.070406 1
0.023597 0.020909 0
0.056764 0.053374 1
0.058026 0.053262 1
0.067156 0.072374 0
0.058026 0.059194 0
0.047544 0.052119 1
0.066253 0.071210 0
0.038437 0.043111 1
0.056077 0.058361 1
0.039014 0.041275 0
0.055579 0.060262 1
0.049674 0.052849 1
0.060686 0.059852 1
0.034475 0.038479 1
0.064183 0.056850 0
0.055251 0.058637 0
0.055251 0.058569 1
0.023597 0.024821 0
0.016161 0.017534 1
0.049674 0.049489 1
0.048345 0.043667 1
0.036519 0.037058 1
0.053902 0.055769 1
0.056764 0.055512 0
0.049298 0.049750 1
0.068176 0.069938 0
0.060686 0.061113 0
0.055251 0.059652 1
0.065305 0.068203 1
0.034475 0.038465 1
0.022160 0.024216 1
0.055251 0.042756 0
0.023597 0.024878 1
0.056764 0.056865 0
0.039397 0.042314 1
0.051750 0.056565 1
0.065956 0.059937 0
0.047544 0.052155 1
0.019265 0.019098 1
0.031125 0.034553 1
0.039014 0.040005 1
0.019265 0.021092 1
0.038548 0.040970 1
0.066253 0.069328 0
0.068501 0.070329 1
0.056549 0.057141 1
0.063434 0.067727 1
0.060529 0.064775 1
0.061328 0.062360 1
0.053902 0.058947 0
0.066253 0.069631 1
0.023220 0.023038 0
0.051750 0.057180 1
0.062382 0.058074 0
0.067156 0.063212 1
0.048635 0.051868 1
0.023597 0.024384 1
0.025560 0.028135 1
0.045786 0.046272 1
0.042967 0.035128 0
0.039014 0.040765 0
0.068176 0.065575 0
0.068176 0.070372 0
0.023659 0.021322 0
0.045786 0.033863 0
0.056077 0.059068 1
0.065956 0.070220 0
0.064319 0.069212 1
0.048635 0.051865 1
0.063434 0.063971 1
0.051750 0.057205 1
0.059575 0.053341 0
0.023461 0.024485 0
0.047544 0.052119 1
0.056549 0.054999 0
0.053902 0.056776 0
0.053902 0.058584 0
0.021076 0.021040 1
0.019265 0.021102 1
0.056549 0.054329 0
0.022819 0.024699 1
0.039014 0.040662 1
0.025560 0.024657 1
0.067468 0.070490 1
0.068176 0.072207 1
0.049674 0.047104 0
0.066253 0.069114 1
0.063434 0.063814 1
0.062382 0.064688 0
0.063434 0.067517 1
0.021076 0.023223 1
0.061078 0.058737 1
0.022819 0.024502 1
0.065956 0.068065 1
0.056077 0.045049 0
0.058026 0.059500 1
0.053902 0.058224 1
0.063434 0.056030 0
0.051750 0.051091 1
0.023659 0.024962 1
0.047544 0.049370 1
0.034475 0.028139 1
0.038548 0.039745 1
0.019265 0.017895 0
0.067855 0.066731 1
0.068501 0.068361 1
0.039397 0.034791 1
0.039397 0.042245 1
0.049674 0.047163 0
0.067156 0.072391 1
0.056764 0.059161 0
0.064041 0.069536 1
0.038548 0.040184 1
0.060529 0.055879 1
0.049674 0.039652 1
0.045786 0.050904 0
0.062382 0.061227 1
0.023220 0.024644 1
0.045786 0.050974 0
