0.055251 0.046150 0
0.016161 0.021854 0
0.019265 0.024261 1
0.021076 0.024887 0
0.010609 0.011853 1
0.022819 0.028956 1
0.049298 0.042535 1
0.066476 0.028303 0
0.023597 0.016139 0
0.023659 0.015511 0
0.016161 0.022039 1
0.022160 0.020523 0
0.036519 0.032304 0
0.034475 0.041669 0
0.036519 0.046357 0
0.037776 0.048425 1
0.038548 0.043765 0
0.039014 0.035139 0
0.039278 0.027292 0
0.016161 0.017914 0
0.019265 0.024956 1
0.031125 0.037463 0
0.038437 0.045770 0
0.042967 0.049456 0
0.045786 0.056768 1
0.047544 0.058952 0
0.048635 0.053654 1
0.049298 0.044750 0
0.049674 0.044793 0
0.049845 0.048331 0
0.022160 0.028102 0
0.034475 0.046227 0
0.068176 0.083260 0
0.048345 0.060241 0
0.051750 0.058842 1
0.053902 0.058076 0
0.055251 0.053140 1
0.056077 0.055565 0
0.064041 0.051744 0
0.067468 0.082442 1
0.022160 0.034419 0
0.036519 0.056624 0
0.037776 0.034648 0
0.051750 0.070877 0
0.065305 0.041759 0
0.058026 0.050975 0
0.039397 0.031337 1
0.019265 0.029918 0
0.061078 0.049378 0
0.037776 0.029485 0
0.065305 0.039672 0
0.049298 0.044880 1
0.047544 0.083798 0
0.053902 0.084918 1
0.058026 0.071450 0
0.055579 0.026303 0
0.062382 0.051032 0
0.063434 0.064933 0
0.064041 0.080520 0
0.064319 0.079618 1
0.023220 0.035200 1
0.038548 0.061753 0
0.048635 0.084771 1
0.055251 0.094184 0
0.061328 0.072969 0
0.062382 0.065308 0
0.064183 0.060649 0
0.065305 0.075089 1
0.065956 0.087204 0
0.066253 0.077795 1
0.064041 0.046355 0
0.039014 0.052095 0
0.049298 0.071425 0
0.056077 0.091789 1
0.060529 0.090066 1
0.063434 0.075288 0
0.065305 0.073976 0
0.066476 0.085646 0
0.031125 0.036601 1
0.067468 0.076781 0
0.023597 0.022101 0
0.039278 0.034905 0
0.021076 0.021594 1
0.056549 0.082363 0
0.061078 0.089401 1
0.064041 0.084688 0
0.065956 0.082566 0
0.067156 0.090397 1
0.067855 0.092176 1
0.068176 0.077869 0
0.023659 0.019708 0
0.039397 0.038321 0
0.049845 0.051865 0
0.056764 0.072995 1
0.061328 0.080658 0
0.064319 0.082316 1
0.066253 0.086760 0
0.067468 0.091793 0
0.068176 0.089033 0
0.068501 0.078673 1
0.067156 0.034542 0
0.064319 0.055089 1
0.039278 0.026101 0
0.061078 0.056523 0
0.023659 0.018872 0
0.051750 0.053629 0
0.064041 0.045751 0
0.023220 0.023717 1
0.067156 0.059872 0
0.056549 0.043531 0
0.059575 0.057461 0
0.064183 0.087366 1
0.031125 0.051262 1
0.022819 0.021859 1
0.056549 0.061394 0
0.036519 0.038963 0
0.060529 0.041612 0
0.049298 0.045454 1
0.042967 0.066735 0
0.056077 0.042626 1
0.062382 0.043313 0
0.016161 0.018061 1
0.048635 0.047831 0
0.060529 0.046301 0
0.023461 0.020468 0
0.037776 0.038148 1
0.049674 0.030914 0
0.034475 0.036396 0
0.010609 0.014471 0
0.021076 0.027331 1
0.068501 0.077307 0
0.061078 0.041840 0
0.061328 0.066684 0
0.042967 0.053586 0
0.022819 0.020694 1
0.066476 0.044955 0
0.068176 0.073561 1
0.023659 0.021943 0
0.016161 0.026135 0
0.061328 0.052678 1
0.062382 0.032160 1
0.064183 0.028244 0
0.039014 0.039688 0
0.016161 0.025914 1
0.060529 0.040430 0
0.023220 0.023509 1
0.023220 0.026962 0
0.061078 0.058522 1
0.064319 0.066623 0
0.056549 0.060794 0
0.045786 0.063023 1
0.034475 0.032270 1
0.056764 0.068555 1
0.023461 0.019247 0
0.049298 0.038558 1
0.049298 0.036055 0
0.016161 0.020204 1
0.039278 0.026697 0
0.038437 0.041962 0
0.045786 0.069776 1
0.065956 0.037953 0
0.055579 0.063686 0
0.061328 0.046305 0
0.023597 0.016630 1
0.064041 0.065611 1
0.039397 0.026243 0
0.022160 0.021400 0
0.064319 0.058810 0
0.059575 0.049621 0
0.067468 0.070405 0
0.023597 0.024868 0
0.060529 0.054374 0
0.060529 0.058910 0
0.065305 0.085621 1
0.019265 0.029832 0
0.022160 0.024430 0
0.061078 0.072189 1
0.056764 0.069085 1
0.037776 0.031107 0
0.061328 0.080271 1
0.059575 0.036838 0
0.048635 0.036524 0
0.022819 0.037676 0
0.048345 0.066702 1
0.037776 0.065603 1
0.059575 0.049888 0
0.047544 0.044231 1
0.056549 0.039068 0
0.038548 0.031293 0
0.023220 0.023167 0
0.031125 0.033448 1
0.049845 0.028271 0
0.067156 0.090147 1
0.065305 0.034521 0
0.031125 0.031848 0
0.060686 0.053415 0
0.067156 0.068058 1
0.064319 0.067015 0
0.053902 0.058506 1
0.023461 0.026723 0
0.067855 0.070069 0
0.056764 0.037315 0
0.010609 0.015630 0
0.063434 0.034349 0
0.062382 0.025830 0
0.025560 0.033169 1
0.025560 0.042635 0
0.059575 0.038692 0
0.038548 0.036544 0
0.023461 0.025499 1
0.059575 0.082740 1
0.036519 0.048575 1
0.042967 0.031561 0
0.022819 0.022513 0
0.022160 0.021283 0
0.042967 0.033141 0
0.056077 0.042438 0
0.010609 0.012858 0
0.039278 0.026278 0
0.042967 0.047895 0
0.064041 0.044627 1
0.061328 0.045032 0
0.023461 0.025143 0
0.067468 0.053150 0
0.039278 0.041252 0
0.049845 0.031120 0
0.036519 0.032279 0
0.060686 0.076264 0
0.067468 0.079545 0
0.039278 0.036805 1
0.055579 0.062008 0
0.065956 0.083822 1
0.042967 0.059801 1
0.055251 0.034576 0
0.038548 0.033647 0
0.058026 0.041928 0
0.049845 0.053360 0
0.058026 0.056976 1
0.021076 0.030422 0
0.065305 0.029625 0
0.051750 0.069089 1
0.045786 0.037190 0
0.056077 0.040539 0
0.023220 0.016869 0
0.023659 0.013975 0
0.034475 0.031574 0
0.049845 0.028204 0
0.037776 0.037098 0
0.049674 0.063771 0
0.023461 0.019924 1
0.065956 0.057170 0
0.049845 0.051021 0
0.047544 0.044200 0
0.039014 0.039366 1
0.067855 0.070379 0
0.049845 0.032942 0
0.058026 0.021395 0
0.059575 0.021984 0
0.066476 0.079439 0
0.031125 0.050539 1
0.036519 0.026280 0
0.048635 0.048495 0
0.023659 0.016851 0
0.048635 0.045267 0
0.039278 0.038841 0
0.021076 0.022358 0
0.022160 0.026426 0
0.048345 0.030351 0
0.066253 0.055048 0
0.037776 0.037626 0
0.022819 0.020227 0
0.038437 0.036663 1
0.023461 0.016765 1
0.021076 0.019833 0
0.039397 0.020483 0
0.039397 0.021747 0
0.061078 0.043719 0
0.031125 0.033339 1
0.064319 0.048898 1
0.067468 0.050962 0
0.066253 0.053976 0
0.023597 0.026835 1
0.056764 0.035479 0
0.058026 0.068817 0
0.067156 0.080786 1
0.058026 0.061571 0
0.047544 0.026706 0
0.066253 0.078822 1
0.038437 0.062360 0
0.056077 0.047789 0
0.039014 0.038653 1
0.055579 0.058762 1
0.049674 0.053895 1
0.060686 0.044183 0
0.034475 0.052464 0
0.064183 0.032993 1
0.055251 0.051200 0
0.055251 0.052077 1
0.023597 0.014848 0
0.016161 0.020397 0
0.049674 0.033084 0
0.048345 0.053929 1
0.036519 0.037778 0
0.053902 0.056093 1
0.056764 0.058182 0
0.049298 0.041804 0
0.068176 0.073964 0
0.060686 0.026799 0
0.055251 0.028646 0
0.065305 0.081358 0
0.034475 0.047902 0
0.022160 0.019828 0
0.055251 0.060878 0
0.023597 0.022772 0
0.056764 0.038413 0
0.039397 0.035305 0
0.051750 0.031898 0
0.065956 0.038700 0
0.047544 0.054746 0
0.019265 0.020538 1
0.031125 0.035315 1
0.039014 0.024035 0
0.019265 0.021705 1
0.038548 0.039557 1
0.066253 0.045428 0
0.068501 0.070303 0
0.056549 0.047290 1
0.063434 0.071303 0
0.060529 0.032024 0
0.061328 0.049343 1
0.053902 0.024265 0
0.066253 0.066710 1
0.023220 0.019289 0
0.051750 0.054244 0
0.062382 0.034259 0
0.067156 0.032929 0
0.048635 0.040739 0
0.023597 0.017000 0
0.025560 0.031100 0
0.045786 0.051973 1
0.042967 0.044078 0
0.039014 0.031259 1
0.068176 0.056151 0
0.068176 0.052646 1
0.023659 0.024580 1
0.045786 0.045055 0
0.056077 0.036604 0
0.065956 0.064086 0
0.064319 0.068060 0
0.048635 0.034650 1
0.063434 0.078929 1
0.051750 0.021822 0
0.059575 0.074146 1
0.023461 0.023654 0
0.047544 0.035512 0
0.056549 0.039423 1
0.053902 0.040820 1
0.053902 0.062446 0
0.021076 0.020916 1
0.019265 0.022595 0
0.056549 0.039786 0
0.022819 0.023035 0
0.039014 0.033880 0
0.025560 0.028025 0
0.067468 0.044899 0
0.068176 0.060943 1
0.049674 0.046365 0
0.066253 0.077947 1
0.063434 0.039747 0
0.062382 0.075003 1
0.063434 0.027127 0
0.021076 0.029234 1
0.061078 0.041358 0
0.022819 0.019155 0
0.065956 0.046165 0
0.056077 0.055543 0
0.058026 0.032858 0
0.053902 0.039263 0
0.063434 0.037658 0
0.051750 0.058443 0
0.023659 0.014140 1
0.047544 0.051199 1
0.034475 0.035767 1
0.038548 0.034912 0
0.019265 0.021402 0
0.067855 0.040048 0
0.068501 0.064343 0
0.039397 0.037313 1
0.039397 0.028720 0
0.049674 0.030424 0
0.067156 0.065847 0
0.056764 0.037351 0
0.064041 0.071077 0
0.038548 0.034578 0
0.060529 0.068128 0
0.049674 0.040676 0
0.045786 0.028142 0
0.062382 0.084811 1
0.023220 0.022512 1
0.045786 0.046538 0
