0.055251 0.104551 0
0.016161 0.020504 0
0.019265 0.021367 0
0.021076 0.017782 0
0.010609 0.017321 1
0.022819 0.014076 0
0.049298 0.148266 0
0.066476 0.021784 0
0.023597 0.018225 0
0.023659 0.017834 0
0.016161 0.022874 0
0.022160 0.023521 0
0.036519 0.040687 0
0.034475 0.030065 0
0.036519 0.022041 0
0.037776 0.022932 0
0.038548 0.023436 0
0.039014 0.030820 0
0.039278 0.027061 0
0.016161 0.023673 0
0.019265 0.026120 0
0.031125 0.040622 1
0.038437 0.042034 1
0.042967 0.033761 0
0.045786 0.028281 0
0.047544 0.025390 0
0.048635 0.038919 0
0.049298 0.043511 0
0.049674 0.049642 0
0.049845 0.044928 0
0.022160 0.015893 0
0.034475 0.035423 0
0.068176 0.035522 0
0.048345 0.032610 0
0.051750 0.025897 0
0.053902 0.034822 0
0.055251 0.046603 0
0.056077 0.064776 1
0.064041 0.033503 0
0.067468 0.026419 0
0.022160 0.017707 0
0.036519 0.028323 0
0.037776 0.032355 0
0.051750 0.030400 0
0.065305 0.059889 0
0.058026 0.032713 0
0.039397 0.037918 0
0.019265 0.014111 0
0.061078 0.055509 0
0.037776 0.038997 0
0.065305 0.105146 0
0.049298 0.055216 0
0.047544 0.033219 0
0.053902 0.035258 0
0.058026 0.033597 0
0.055579 0.052348 0
0.062382 0.058950 0
0.063434 0.088903 1
0.064041 0.088493 0
0.064319 0.085708 0
0.023220 0.015045 0
0.038548 0.027431 0
0.048635 0.035550 0
0.055251 0.043104 1
0.061328 0.066273 1
0.062382 0.036837 0
0.064183 0.058637 0
0.065305 0.081168 0
0.065956 0.096332 1
0.066253 0.080690 0
0.064041 0.044891 0
0.039014 0.024735 0
0.049298 0.040380 0
0.056077 0.044844 0
0.060529 0.040477 0
0.063434 0.033002 0
0.065305 0.037429 0
0.066476 0.065165 0
0.031125 0.035589 0
0.067468 0.074838 1
0.023597 0.015251 0
0.039278 0.027138 0
0.021076 0.030251 0
0.056549 0.043104 1
0.061078 0.035344 0
0.064041 0.028247 0
0.065956 0.029882 0
0.067156 0.034559 0
0.067855 0.053693 0
0.068176 0.048861 0
0.023659 0.015928 0
0.039397 0.023952 0
0.049845 0.032417 0
0.056764 0.034706 0
0.061328 0.031495 0
0.064319 0.023384 0
0.066253 0.021272 0
0.067468 0.028930 0
0.068176 0.029408 0
0.068501 0.035768 0
0.067156 0.023820 0
0.064319 0.058133 0
0.039278 0.024867 0
0.061078 0.070510 0
0.023659 0.017149 0
0.051750 0.035268 0
0.064041 0.118541 1
0.023220 0.026297 0
0.067156 0.077989 1
0.056549 0.071926 1
0.059575 0.051926 0
0.064183 0.046327 0
0.031125 0.024892 0
0.022819 0.017370 0
0.056549 0.049835 0
0.036519 0.019989 0
0.060529 0.032566 0
0.049298 0.031713 0
0.042967 0.033746 0
0.056077 0.151007 1
0.062382 0.031504 0
0.016161 0.023673 0
0.048635 0.108378 0
0.060529 0.043240 0
0.023461 0.058907 0
0.037776 0.052131 0
0.049674 0.089089 1
0.034475 0.038556 0
0.010609 0.013584 0
0.021076 0.023692 0
0.068501 0.027279 0
0.061078 0.028647 0
0.061328 0.026678 0
0.042967 0.037941 0
0.022819 0.019830 0
0.066476 0.072000 0
0.068176 0.045297 0
0.023659 0.018876 0
0.016161 0.013544 0
0.061328 0.064093 0
0.062382 0.095039 0
0.064183 0.082160 0
0.039014 0.038920 0
0.016161 0.014400 0
0.060529 0.135449 0
0.023220 0.019376 0
0.023220 0.015943 0
0.061078 0.045438 0
0.064319 0.057240 0
0.056549 0.057139 0
0.045786 0.045096 0
0.034475 0.049707 0
0.056764 0.066265 0
0.023461 0.027502 0
0.049298 0.075431 0
0.049298 0.038191 0
0.016161 0.026320 0
0.039278 0.068978 0
0.038437 0.037273 0
0.045786 0.030530 0
0.065956 0.025701 0
0.055579 0.029183 0
0.061328 0.070164 0
0.023597 0.014076 0
0.064041 0.061018 1
0.039397 0.026061 0
0.022160 0.017805 0
0.064319 0.083630 0
0.059575 0.060602 0
0.067468 0.057985 0
0.023597 0.023471 0
0.060529 0.048991 0
0.060529 0.075003 0
0.065305 0.050558 0
0.019265 0.016628 0
0.022160 0.015931 0
0.061078 0.084078 0
0.056764 0.059172 0
0.037776 0.022631 0
0.061328 0.064867 0
0.059575 0.023209 0
0.048635 0.023657 0
0.022819 0.016489 0
0.048345 0.030908 0
0.037776 0.023644 0
0.059575 0.043592 0
0.047544 0.060401 0
0.056549 0.073554 0
0.038548 0.034831 0
0.023220 0.046862 0
0.031125 0.051488 1
0.049845 0.104538 1
0.067156 0.076065 0
0.065305 0.024520 0
0.031125 0.032629 0
0.060686 0.041170 0
0.067156 0.047330 0
0.064319 0.023333 0
0.053902 0.037023 0
0.023461 0.028583 1
0.067855 0.048777 0
0.056764 0.067989 0
0.010609 0.009952 0
0.063434 0.124081 1
0.062382 0.062135 1
0.025560 0.034314 0
0.025560 0.018695 0
0.059575 0.105625 0
0.038548 0.034560 0
0.023461 0.020581 0
0.059575 0.038600 0
0.036519 0.039626 1
0.042967 0.059206 0
0.022819 0.025108 0
0.022160 0.025461 0
0.042967 0.058979 0
0.056077 0.042314 0
0.010609 0.014745 0
0.039278 0.114579 0
0.042967 0.040295 0
0.064041 0.038403 0
0.061328 0.056665 1
0.023461 0.016561 0
0.067468 0.027387 0
0.039278 0.036098 0
0.049845 0.042736 0
0.036519 0.029458 0
0.060686 0.040738 0
0.067468 0.050216 0
0.039278 0.041875 0
0.055579 0.036538 0
0.065956 0.051626 1
0.042967 0.022841 0
0.055251 0.023817 0
0.038548 0.024449 0
0.058026 0.025503 0
0.049845 0.052791 1
0.058026 0.043022 0
0.021076 0.022787 0
0.065305 0.026121 0
0.051750 0.043159 0
0.045786 0.056054 0
0.056077 0.067292 0
0.023220 0.019045 0
0.023659 0.042892 0
0.034475 0.046616 0
0.049845 0.121957 0
0.037776 0.050354 0
0.049674 0.035572 0
0.023461 0.015581 0
0.065956 0.033420 0
0.049845 0.030879 0
0.047544 0.039449 1
0.039014 0.040815 0
0.067855 0.031814 0
0.049845 0.053375 0
0.058026 0.051477 0
0.059575 0.046549 0
0.066476 0.041308 0
0.031125 0.019966 0
0.036519 0.046226 1
0.048635 0.043663 0
0.023659 0.022376 0
0.048635 0.069272 1
0.039278 0.034550 0
0.021076 0.018315 0
0.022160 0.025599 0
0.048345 0.056740 0
0.066253 0.063766 0
0.037776 0.039680 0
0.022819 0.022483 0
0.038437 0.058495 1
0.023461 0.016719 0
0.021076 0.028427 0
0.039397 0.101903 0
0.039397 0.077803 0
0.061078 0.043941 0
0.031125 0.031109 0
0.064319 0.048485 0
0.067468 0.050403 0
0.066253 0.041270 0
0.023597 0.023159 0
0.056764 0.052970 0
0.058026 0.038443 0
0.067156 0.041552 0
0.058026 0.042010 0
0.047544 0.045280 0
0.066253 0.052928 0
0.038437 0.023990 0
0.056077 0.028809 0
0.039014 0.026257 0
0.055579 0.035176 0
0.049674 0.041205 0
0.060686 0.029889 0
0.034475 0.032080 0
0.064183 0.022350 0
0.055251 0.058621 0
0.055251 0.052078 1
0.023597 0.064576 0
0.016161 0.024278 0
0.049674 0.153203 1
0.048345 0.038466 0
0.036519 0.039910 0
0.053902 0.054427 0
0.056764 0.029750 0
0.049298 0.045116 1
0.068176 0.029504 0
0.060686 0.068486 0
0.055251 0.045406 0
0.065305 0.047913 0
0.034475 0.019825 0
0.022160 0.029673 0
0.055251 0.046810 0
0.023597 0.019557 0
0.056764 0.117976 0
0.039397 0.036845 0
0.051750 0.056292 1
0.065956 0.032202 0
0.047544 0.051228 0
0.019265 0.024226 0
0.031125 0.050089 0
0.039014 0.024506 0
0.019265 0.030598 0
0.038548 0.076615 0
0.066253 0.033254 0
0.068501 0.027046 0
0.056549 0.035515 0
0.063434 0.052159 0
0.060529 0.044276 0
0.061328 0.089228 0
0.053902 0.037008 0
0.066253 0.081023 0
0.023220 0.029804 0
0.051750 0.025132 0
0.062382 0.024260 0
0.067156 0.035430 0
0.048635 0.044839 0
0.023597 0.034166 0
0.025560 0.041828 0
0.045786 0.051892 1
0.042967 0.031733 0
0.039014 0.061489 0
0.068176 0.041786 0
0.068176 0.024045 0
0.023659 0.018945 0
0.045786 0.035004 0
0.056077 0.038870 0
0.065956 0.045366 0
0.064319 0.061186 0
0.048635 0.040363 0
0.063434 0.049750 0
0.051750 0.050239 0
0.059575 0.037640 0
0.023461 0.019653 0
0.047544 0.021381 0
0.056549 0.045956 0
0.053902 0.075679 0
0.053902 0.052239 1
0.021076 0.020169 0
0.019265 0.027507 0
0.056549 0.146503 0
0.022819 0.025533 0
0.039014 0.116478 1
0.025560 0.033612 1
0.067468 0.023972 0
0.068176 0.022968 0
0.049674 0.036606 0
0.066253 0.025192 0
0.063434 0.029084 0
0.062382 0.047144 1
0.063434 0.046836 0
0.021076 0.014432 0
0.061078 0.135008 0
0.022819 0.029347 0
0.065956 0.101965 0
0.056077 0.057172 0
0.058026 0.065573 0
0.053902 0.022816 0
0.063434 0.025032 0
0.051750 0.044029 0
0.023659 0.042095 0
0.047544 0.059408 0
0.034475 0.028340 0
0.038548 0.050495 0
0.019265 0.022356 0
0.067855 0.025291 0
0.068501 0.025291 0
0.039397 0.025670 0
0.039397 0.036282 0
0.049674 0.030777 0
0.067156 0.034662 0
0.056764 0.086378 0
0.064041 0.050481 0
0.038548 0.043412 0
0.060529 0.059082 0
0.049674 0.061633 1
0.045786 0.047643 0
0.062382 0.046668 0
0.023220 0.018322 1
0.045786 0.022230 0
