0.055251 0.024894 0
0.016161 0.017286 0
0.019265 0.019199 0
0.021076 0.019691 1
0.010609 0.010660 0
0.022819 0.020900 1
0.049298 0.027635 0
0.066476 0.053205 0
0.023597 0.019228 0
0.023659 0.026678 1
0.016161 0.016196 0
0.022160 0.015496 0
0.036519 0.022438 0
0.034475 0.026088 0
0.036519 0.030194 0
0.037776 0.029940 0
0.038548 0.028373 0
0.039014 0.021915 0
0.039278 0.028969 0
0.016161 0.018340 0
0.019265 0.016574 0
0.031125 0.025927 0
0.038437 0.028267 0
0.042967 0.029773 0
0.045786 0.031168 0
0.047544 0.036217 1
0.048635 0.032273 0
0.049298 0.031549 0
0.049674 0.029777 0
0.049845 0.041903 0
0.022160 0.020319 0
0.034475 0.024805 0
0.068176 0.098346 0
0.048345 0.029346 0
0.051750 0.035794 0
0.053902 0.042592 0
0.055251 0.046182 0
0.056077 0.038468 0
0.064041 0.038478 0
0.067468 0.092157 0
0.022160 0.015658 0
0.036519 0.023401 0
0.037776 0.033260 0
0.051750 0.032726 0
0.065305 0.048358 0
0.058026 0.059348 0
0.039397 0.018589 0
0.019265 0.028285 0
0.061078 0.074156 1
0.037776 0.041151 0
0.065305 0.078240 1
0.049298 0.022838 0
0.047544 0.032973 0
0.053902 0.044274 0
0.058026 0.060494 0
0.055579 0.026411 0
0.062382 0.076730 1
0.063434 0.064138 0
0.064041 0.054077 0
0.064319 0.052586 0
0.023220 0.024084 1
0.038548 0.037300 0
0.048635 0.044827 0
0.055251 0.051280 0
0.061328 0.060032 0
0.062382 0.080252 1
0.064183 0.080842 0
0.065305 0.075768 0
0.065956 0.064507 0
0.066253 0.065796 0
0.064041 0.077656 1
0.039014 0.042555 1
0.049298 0.047405 1
0.056077 0.051199 0
0.060529 0.060477 0
0.063434 0.074639 0
0.065305 0.085957 0
0.066476 0.085144 0
0.031125 0.027639 0
0.067468 0.071777 0
0.023597 0.025729 0
0.039278 0.040695 0
0.021076 0.026859 0
0.056549 0.045572 0
0.061078 0.053050 0
0.064041 0.070916 0
0.065956 0.088468 1
0.067156 0.102533 0
0.067855 0.097944 0
0.068176 0.088856 0
0.023659 0.023686 0
0.039397 0.037115 0
0.049845 0.040512 1
0.056764 0.043050 0
0.061328 0.050218 0
0.064319 0.066596 0
0.066253 0.088498 1
0.067468 0.103560 1
0.068176 0.108016 1
0.068501 0.094395 0
0.067156 0.044621 0
0.064319 0.059639 1
0.039278 0.018605 0
0.061078 0.052814 1
0.023659 0.013715 1
0.051750 0.058885 0
0.064041 0.093473 1
0.023220 0.029067 0
0.067156 0.097675 0
0.056549 0.038514 0
0.059575 0.041571 0
0.064183 0.046353 0
0.031125 0.045596 0
0.022819 0.026109 1
0.056549 0.059118 1
0.036519 0.045044 0
0.060529 0.058330 0
0.049298 0.041771 0
0.042967 0.050133 0
0.056077 0.034769 0
0.062382 0.038431 0
0.016161 0.014346 0
0.048635 0.022796 0
0.060529 0.035021 0
0.023461 0.014549 0
0.037776 0.021195 0
0.049674 0.052344 0
0.034475 0.034908 0
0.010609 0.011728 0
0.021076 0.015779 0
0.068501 0.102787 0
0.061078 0.034186 0
0.061328 0.041779 1
0.042967 0.027414 1
0.022819 0.020172 1
0.066476 0.074945 0
0.068176 0.092037 0
0.023659 0.013279 0
0.016161 0.021149 0
0.061328 0.090726 0
0.062382 0.045310 0
0.064183 0.049445 0
0.039014 0.018912 0
0.016161 0.023346 1
0.060529 0.051807 0
0.023220 0.016287 0
0.023220 0.017187 0
0.061078 0.066009 0
0.064319 0.066257 0
0.056549 0.035424 0
0.045786 0.045640 0
0.034475 0.038347 0
0.056764 0.041856 0
0.023461 0.018366 0
0.049298 0.038597 0
0.049298 0.022931 0
0.016161 0.015732 0
0.039278 0.035672 0
0.038437 0.049363 0
0.045786 0.028974 0
0.065956 0.038258 0
0.055579 0.045476 0
0.061328 0.056338 1
0.023597 0.014863 0
0.064041 0.060833 0
0.039397 0.019414 0
0.022160 0.026931 0
0.064319 0.104694 0
0.059575 0.062091 0
0.067468 0.109039 0
0.023597 0.012492 0
0.060529 0.051682 0
0.060529 0.053648 1
0.065305 0.069433 0
0.019265 0.029269 1
0.022160 0.029820 0
0.061078 0.043162 0
0.056764 0.053984 0
0.037776 0.037170 1
0.061328 0.041952 0
0.059575 0.039887 0
0.048635 0.032871 0
0.022819 0.018736 0
0.048345 0.047379 0
0.037776 0.028547 0
0.059575 0.038279 0
0.047544 0.021809 0
0.056549 0.067859 0
0.038548 0.027330 0
0.023220 0.015587 0
0.031125 0.026710 0
0.049845 0.062458 1
0.067156 0.082099 1
0.065305 0.037946 0
0.031125 0.032117 0
0.060686 0.075888 1
0.067156 0.077063 0
0.064319 0.054071 0
0.053902 0.051039 1
0.023461 0.025218 1
0.067855 0.093480 1
0.056764 0.040401 0
0.010609 0.014744 0
0.063434 0.069068 0
0.062382 0.035338 0
0.025560 0.023760 1
0.025560 0.038752 0
0.059575 0.029444 0
0.038548 0.022192 0
0.023461 0.012806 0
0.059575 0.066579 1
0.036519 0.040932 1
0.042967 0.039008 0
0.022819 0.025356 0
0.022160 0.016695 0
0.042967 0.030433 0
0.056077 0.031579 0
0.010609 0.009825 0
0.039278 0.025674 0
0.042967 0.053826 1
0.064041 0.037733 0
0.061328 0.048198 0
0.023461 0.027472 0
0.067468 0.084638 0
0.039278 0.030535 0
0.049845 0.023451 0
0.036519 0.039721 0
0.060686 0.045299 1
0.067468 0.108012 0
0.039278 0.017379 0
0.055579 0.058802 0
0.065956 0.096312 0
0.042967 0.053372 1
0.055251 0.034263 0
0.038548 0.032837 0
0.058026 0.034635 0
0.049845 0.054026 1
0.058026 0.040839 1
0.021076 0.030079 0
0.065305 0.065533 1
0.051750 0.044710 0
0.045786 0.024559 0
0.056077 0.047005 0
0.023220 0.020065 1
0.023659 0.016441 0
0.034475 0.024136 0
0.049845 0.056027 0
0.037776 0.029099 0
0.049674 0.046374 0
0.023461 0.017332 0
0.065956 0.053630 0
0.049845 0.036383 0
0.047544 0.039929 0
0.039014 0.032499 0
0.067855 0.107715 0
0.049845 0.025978 0
0.058026 0.028495 0
0.059575 0.029272 1
0.066476 0.084049 0
0.031125 0.046406 0
0.036519 0.041028 1
0.048635 0.031862 0
0.023659 0.032138 0
0.048635 0.033793 0
0.039278 0.046236 0
0.021076 0.029706 1
0.022160 0.028992 1
0.048345 0.031688 1
0.066253 0.070514 1
0.037776 0.036809 0
0.022819 0.019416 0
0.038437 0.033032 0
0.023461 0.016328 0
0.021076 0.016452 1
0.039397 0.037074 0
0.039397 0.037955 0
0.061078 0.039056 1
0.031125 0.040239 0
0.064319 0.050586 0
0.067468 0.073448 0
0.066253 0.069223 0
0.023597 0.022350 0
0.056764 0.037521 0
0.058026 0.051385 0
0.067156 0.106698 1
0.058026 0.046765 0
0.047544 0.037214 0
0.066253 0.111012 1
0.038437 0.053760 1
0.056077 0.047294 0
0.039014 0.036454 0
0.055579 0.038342 0
0.049674 0.054590 0
0.060686 0.039663 0
0.034475 0.045919 0
0.064183 0.047449 0
0.055251 0.037342 0
0.055251 0.035088 0
0.023597 0.015768 0
0.016161 0.017507 0
0.049674 0.041563 0
0.048345 0.063699 1
0.036519 0.036260 0
0.053902 0.045019 0
0.056764 0.038021 0
0.049298 0.030823 0
0.068176 0.109579 0
0.060686 0.029041 0
0.055251 0.031021 0
0.065305 0.060063 0
0.034475 0.049603 1
0.022160 0.028807 0
0.055251 0.037262 0
0.023597 0.029411 1
0.056764 0.073456 1
0.039397 0.048356 1
0.051750 0.025887 0
0.065956 0.077707 1
0.047544 0.039755 0
0.019265 0.016202 0
0.031125 0.033059 1
0.039014 0.022086 0
0.019265 0.016165 0
0.038548 0.021539 1
0.066253 0.047634 0
0.068501 0.096590 0
0.056549 0.030823 0
0.063434 0.056118 0
0.060529 0.030533 0
0.061328 0.090636 0
0.053902 0.030589 0
0.066253 0.112217 1
0.023220 0.018048 0
0.051750 0.038954 0
0.062382 0.050185 0
0.067156 0.062904 0
0.048635 0.031845 0
0.023597 0.017009 0
0.025560 0.024268 0
0.045786 0.048459 0
0.042967 0.055582 0
0.039014 0.029109 0
0.068176 0.073141 0
0.068176 0.081679 0
0.023659 0.021990 1
0.045786 0.052580 0
0.056077 0.027514 0
0.065956 0.070534 0
0.064319 0.102719 0
0.048635 0.033603 0
0.063434 0.048945 0
0.051750 0.032198 0
0.059575 0.045199 0
0.023461 0.024456 0
0.047544 0.036030 0
0.056549 0.031232 0
0.053902 0.021426 0
0.053902 0.042115 1
0.021076 0.019130 0
0.019265 0.021784 0
0.056549 0.056039 0
0.022819 0.015949 0
0.039014 0.023303 0
0.025560 0.027530 0
0.067468 0.066428 0
0.068176 0.101708 1
0.049674 0.028715 0
0.066253 0.070234 0
0.063434 0.033954 0
0.062382 0.043394 0
0.063434 0.032762 0
0.021076 0.030030 0
0.061078 0.071797 0
0.022819 0.029983 1
0.065956 0.105331 0
0.056077 0.036577 0
0.058026 0.024184 0
0.053902 0.030783 0
0.063434 0.067383 1
0.051750 0.057373 1
0.023659 0.020545 0
0.047544 0.041053 0
0.034475 0.045909 1
0.038548 0.029109 1
0.019265 0.026118 1
0.067855 0.067251 0
0.068501 0.093085 1
0.039397 0.031914 0
0.039397 0.039134 0
0.049674 0.024191 0
0.067156 0.093125 1
0.056764 0.081152 1
0.064041 0.083603 0
0.038548 0.038168 1
0.060529 0.041854 0
0.049674 0.025514 0
0.045786 0.038070 0
0.062382 0.042295 0
0.023220 0.023653 0
0.045786 0.044990 0
