0.026656 0.030454 1
0.042436 0.043410 0
0.052049 0.039142 1
0.057628 0.036418 0
0.060203 0.041769 0
0.060203 0.060812 1
0.057628 0.067807 1
0.052049 0.061565 0
0.042436 0.045713 0
0.026656 0.028327 1
0.042436 0.050010 1
0.069921 0.071753 1
0.087396 0.068924 0
0.097749 0.052567 0
0.102571 0.075250 0
0.102571 0.103071 1
0.097749 0.117030 0
0.087396 0.098947 1
0.069921 0.079733 0
0.042436 0.046823 0
0.052049 0.063555 0
0.087396 0.093660 1
0.110543 0.083334 1
0.124492 0.085598 0
0.131045 0.091827 0
0.131045 0.132776 1
0.124492 0.143857 1
0.110543 0.125699 0
0.087396 0.091214 1
0.052049 0.057861 1
0.057628 0.072197 1
0.097749 0.108590 1
0.124492 0.118311 0
0.140791 0.100765 0
0.148495 0.128737 0
0.148495 0.145283 1
0.140791 0.154893 1
0.124492 0.127078 0
0.097749 0.101796 0
0.057628 0.059788 1
0.060203 0.075690 1
0.102571 0.121988 1
0.131045 0.133638 1
0.148495 0.146349 0
0.156770 0.139130 1
0.156770 0.163774 0
0.148495 0.152874 1
0.131045 0.129333 0
0.102571 0.094596 1
0.060203 0.059753 1
0.060203 0.066573 1
0.102571 0.114103 1
0.131045 0.146864 0
0.148495 0.156511 1
0.156770 0.170102 0
0.156770 0.159461 0
0.148495 0.152034 1
0.131045 0.118449 0
0.102571 0.083205 1
0.060203 0.052647 0
0.057628 0.054372 0
0.097749 0.097021 0
0.124492 0.137030 0
0.140791 0.158957 1
0.148495 0.165054 1
0.148495 0.168271 0
0.140791 0.140993 1
0.124492 0.101305 0
0.097749 0.067767 0
0.057628 0.038621 0
0.052049 0.044486 0
0.087396 0.085668 0
0.110543 0.114412 1
0.124492 0.142205 0
0.131045 0.149696 1
0.131045 0.147876 1
0.124492 0.129593 1
0.110543 0.087947 0
0.087396 0.053713 0
0.052049 0.029664 1
0.042436 0.039556 1
0.069921 0.067931 1
0.087396 0.088252 1
0.097749 0.098918 0
0.102571 0.113452 0
0.102571 0.116876 0
0.097749 0.103306 1
0.087396 0.074021 0
0.069921 0.046278 0
0.042436 0.028230 0
0.026656 0.025548 0
0.042436 0.040703 0
0.052049 0.048671 0
0.057628 0.054891 0
0.060203 0.058934 1
0.060203 0.067763 1
0.057628 0.064429 1
0.052049 0.048032 1
0.042436 0.033196 1
0.026656 0.020264 1
