0.026656 0.064618 1
0.042436 0.121691 0
0.052049 0.162524 1
0.057628 0.172597 0
0.060203 0.107261 0
0.060203 0.072024 0
0.057628 0.027603 0
0.052049 0.028011 1
0.042436 0.031711 0
0.026656 0.020131 1
0.042436 0.091606 0
0.069921 0.168061 0
0.087396 0.240784 1
0.097749 0.255635 1
0.102571 0.211481 0
0.102571 0.093448 0
0.097749 0.058001 0
0.087396 0.040935 0
0.069921 0.036260 0
0.042436 0.030741 0
0.052049 0.068100 1
0.087396 0.144854 0
0.110543 0.218749 0
0.124492 0.272659 0
0.131045 0.202114 1
0.131045 0.136628 0
0.124492 0.053650 0
0.110543 0.043440 0
0.087396 0.048331 0
0.052049 0.029796 0
0.057628 0.051764 0
0.097749 0.080619 0
0.124492 0.167296 0
0.140791 0.193912 1
0.148495 0.198949 0
0.148495 0.096754 0
0.140791 0.066792 0
0.124492 0.048949 0
0.097749 0.047409 1
0.057628 0.040854 0
0.060203 0.029577 0
0.102571 0.066026 0
0.131045 0.096894 0
0.148495 0.168218 0
0.156770 0.129819 0
0.156770 0.118311 0
0.148495 0.060270 0
0.131045 0.055241 0
0.102571 0.062774 0
0.060203 0.039753 0
0.060203 0.037617 0
0.102571 0.051286 0
0.131045 0.100720 0
0.148495 0.114518 1
0.156770 0.143884 0
0.156770 0.105962 1
0.148495 0.084428 0
0.131045 0.069119 0
0.102571 0.057086 1
0.060203 0.046676 0
0.057628 0.037890 1
0.097749 0.066718 0
0.124492 0.090810 0
0.140791 0.114930 0
0.148495 0.117379 0
0.148495 0.108016 1
0.140791 0.085574 0
0.124492 0.057989 0
0.097749 0.057330 0
0.057628 0.040315 0
0.052049 0.039624 0
0.087396 0.071040 0
0.110543 0.084756 1
0.124492 0.101332 0
0.131045 0.102148 0
0.131045 0.090701 0
0.124492 0.061700 0
0.110543 0.047244 0
0.087396 0.045557 0
0.052049 0.034030 1
0.042436 0.035580 0
0.069921 0.055595 0
0.087396 0.083534 0
0.097749 0.086423 0
0.102571 0.078208 1
0.102571 0.071258 0
0.097749 0.047456 0
0.087396 0.039929 0
0.069921 0.036410 0
0.042436 0.031944 0
0.026656 0.020715 0
0.042436 0.040853 0
0.052049 0.048356 1
0.057628 0.056041 0
0.060203 0.055369 0
0.060203 0.041709 0
0.057628 0.034383 0
0.052049 0.026065 1
0.042436 0.029406 0
0.026656 0.019991 0
