0.026656 0.025595 1
0.042436 0.040348 1
0.052049 0.049507 0
0.057628 0.056602 1
0.060203 0.061203 1
0.060203 0.062822 1
0.057628 0.061111 0
0.052049 0.055583 1
0.042436 0.045280 1
0.026656 0.028220 1
0.042436 0.039771 1
0.069921 0.064127 1
0.087396 0.078974 1
0.097749 0.093642 1
0.102571 0.103358 1
0.102571 0.106958 1
0.097749 0.104011 1
0.087396 0.093879 1
0.069921 0.075183 1
0.042436 0.045358 1
0.052049 0.047194 1
0.087396 0.075406 1
0.110543 0.094825 0
0.124492 0.113819 1
0.131045 0.129879 1
0.131045 0.135910 1
0.124492 0.132348 1
0.110543 0.118923 1
0.087396 0.094279 1
0.052049 0.055897 1
0.057628 0.051480 1
0.097749 0.081660 1
0.124492 0.103187 0
0.140791 0.123363 1
0.148495 0.144850 1
0.148495 0.152917 1
0.140791 0.148984 1
0.124492 0.133537 1
0.097749 0.105302 1
0.057628 0.061888 1
0.060203 0.054976 1
0.102571 0.088563 1
0.131045 0.110982 0
0.148495 0.134219 0
0.156770 0.151760 1
0.156770 0.160496 1
0.148495 0.155679 1
0.131045 0.139383 1
0.102571 0.109765 1
0.060203 0.064330 1
0.060203 0.057792 1
0.102571 0.096501 1
0.131045 0.120505 1
0.148495 0.140937 1
0.156770 0.156393 1
0.156770 0.160250 1
0.148495 0.152443 1
0.131045 0.137033 1
0.102571 0.108335 1
0.060203 0.063660 1
0.057628 0.057642 1
0.097749 0.097349 1
0.124492 0.123676 1
0.140791 0.141478 1
0.148495 0.151218 1
0.148495 0.150289 1
0.140791 0.142400 0
0.124492 0.126438 1
0.097749 0.101164 1
0.057628 0.059964 1
0.052049 0.053374 1
0.087396 0.089785 1
0.110543 0.113753 1
0.124492 0.128580 1
0.131045 0.135271 1
0.131045 0.132865 1
0.124492 0.124591 0
0.110543 0.110575 1
0.087396 0.088150 1
0.052049 0.052997 1
0.042436 0.043991 1
0.069921 0.072823 1
0.087396 0.091287 1
0.097749 0.102230 1
0.102571 0.106878 1
0.102571 0.105405 1
0.097749 0.097931 1
0.087396 0.087072 1
0.069921 0.069737 0
0.042436 0.041792 1
0.026656 0.027628 1
0.042436 0.044275 1
0.052049 0.054512 1
0.057628 0.060413 1
0.060203 0.062879 1
0.060203 0.062207 1
0.057628 0.058524 1
0.052049 0.051911 1
0.042436 0.041521 0
0.026656 0.026003 1
