0.026656 0.026656 1
0.042436 0.042436 1
0.052049 0.052049 1
0.057628 0.057628 1
0.060203 0.060203 1
0.060203 0.060203 1
0.057628 0.057628 1
0.052049 0.052049 1
0.042436 0.042436 1
0.026656 0.026656 1
0.042436 0.042436 1
0.069921 0.069921 1
0.087396 0.087396 1
0.097749 0.097749 1
0.102571 0.102571 1
0.102571 0.102571 1
0.097749 0.097749 1
0.087396 0.087396 1
0.069921 0.069921 1
0.042436 0.042436 1
0.052049 0.052049 1
0.087396 0.087396 1
0.110543 0.110543 1
0.124492 0.124492 1
0.131045 0.131045 1
0.131045 0.131045 1
0.124492 0.124492 1
0.110543 0.110543 1
0.087396 0.087396 1
0.052049 0.052049 1
0.057628 0.057628 1
0.097749 0.097749 1
0.124492 0.124492 1
0.140791 0.140791 1
0.148495 0.148495 1
0.148495 0.148495 1
0.140791 0.140791 1
0.124492 0.124492 1
0.097749 0.097749 1
0.057628 0.057628 1
0.060203 0.060203 1
0.102571 0.102571 1
0.131045 0.131045 1
0.148495 0.148495 1
0.156770 0.156770 1
0.156770 0.156770 1
0.148495 0.148495 1
0.131045 0.131045 1
0.102571 0.102571 1
0.060203 0.060203 1
0.060203 0.060203 1
0.102571 0.102571 1
0.131045 0.131045 1
0.148495 0.148495 1
0.156770 0.156770 1
0.156770 0.156770 1
0.148495 0.148495 1
0.131045 0.131045 1
0.102571 0.102571 1
0.060203 0.060203 1
0.057628 0.057628 1
0.097749 0.097749 1
0.124492 0.124492 1
0.140791 0.140791 1
0.148495 0.148495 1
0.148495 0.148495 1
0.140791 0.140791 1
0.124492 0.124492 1
0.097749 0.097749 1
0.057628 0.057628 1
0.052049 0.052049 1
0.087396 0.087396 1
0.110543 0.110543 1
0.124492 0.124492 1
0.131045 0.131045 1
0.131045 0.131045 1
0.124492 0.124492 1
0.110543 0.110543 1
0.087396 0.087396 1
0.052049 0.052049 1
0.042436 0.042436 1
0.069921 0.069921 1
0.087396 0.087396 1
0.097749 0.097749 1
0.102571 0.102571 1
0.102571 0.102571 1
0.097749 0.097749 1
0.087396 0.087396 1
0.069921 0.069921 1
0.042436 0.042436 1
0.026656 0.026656 1
0.042436 0.042436 1
0.052049 0.052049 1
0.057628 0.057628 1
0.060203 0.060203 1
0.060203 0.060203 1
0.057628 0.057628 1
0.052049 0.052049 1
0.042436 0.042436 1
0.026656 0.026656 1
