0.055251 0.055251 1
0.016161 0.016161 1
0.019265 0.019265 1
0.021076 0.021076 1
0.010609 0.010609 1
0.022819 0.022819 1
0.049298 0.049298 1
0.066476 0.066476 1
0.023597 0.023597 1
0.023659 0.023659 1
0.016161 0.016161 1
0.022160 0.022160 1
0.036519 0.036519 1
0.034475 0.034475 1
0.036519 0.036519 1
0.037776 0.037776 1
0.038548 0.038548 1
0.039014 0.039014 1
0.039278 0.039278 1
0.016161 0.016161 1
0.019265 0.019265 1
0.031125 0.031125 1
0.038437 0.038437 1
0.042967 0.042967 1
0.045786 0.045786 1
0.047544 0.047544 1
0.048635 0.048635 1
0.049298 0.049298 1
0.049674 0.049674 1
0.049845 0.049845 1
0.022160 0.022160 1
0.034475 0.034475 1
0.068176 0.068176 1
0.048345 0.048345 1
0.051750 0.051750 1
0.053902 0.053902 1
0.055251 0.055251 1
0.056077 0.056077 1
0.064041 0.064041 1
0.067468 0.067468 1
0.022160 0.022160 1
0.036519 0.036519 1
0.037776 0.037776 1
0.051750 0.051750 1
0.065305 0.065305 1
0.058026 0.058026 1
0.039397 0.039397 1
0.019265 0.019265 1
0.061078 0.061078 1
0.037776 0.037776 1
0.065305 0.065305 1
0.049298 0.049298 1
0.047544 0.047544 1
0.053902 0.053902 1
0.058026 0.058026 1
0.055579 0.055579 1
0.062382 0.062382 1
0.063434 0.063434 1
0.064041 0.064041 1
0.064319 0.064319 1
0.023220 0.023220 1
0.038548 0.038548 1
0.048635 0.048635 1
0.055251 0.055251 1
0.061328 0.061328 1
0.062382 0.062382 1
0.064183 0.064183 1
0.065305 0.065305 1
0.065956 0.065956 1
0.066253 0.066253 1
0.064041 0.064041 1
0.039014 0.039014 1
0.049298 0.049298 1
0.056077 0.056077 1
0.060529 0.060529 1
0.063434 0.063434 1
0.065305 0.065305 1
0.066476 0.066476 1
0.031125 0.031125 1
0.067468 0.067468 1
0.023597 0.023597 1
0.039278 0.039278 1
0.021076 0.021076 1
0.056549 0.056549 1
0.061078 0.061078 1
0.064041 0.064041 1
0.065956 0.065956 1
0.067156 0.067156 1
0.067855 0.067855 1
0.068176 0.068176 1
0.023659 0.023659 1
0.039397 0.039397 1
0.049845 0.049845 1
0.056764 0.056764 1
0.061328 0.061328 1
0.064319 0.064319 1
0.066253 0.066253 1
0.067468 0.067468 1
0.068176 0.068176 1
0.068501 0.068501 1
0.067156 0.067156 1
0.064319 0.064319 1
0.039278 0.039278 1
0.061078 0.061078 1
0.023659 0.023659 1
0.051750 0.051750 1
0.064041 0.064041 1
0.023220 0.023220 1
0.067156 0.067156 1
0.056549 0.056549 1
0.059575 0.059575 1
0.064183 0.064183 1
0.031125 0.031125 1
0.022819 0.022819 1
0.056549 0.056549 1
0.036519 0.036519 1
0.060529 0.060529 1
0.049298 0.049298 1
0.042967 0.042967 1
0.056077 0.056077 1
0.062382 0.062382 1
0.016161 0.016161 1
0.048635 0.048635 1
0.060529 0.060529 1
0.023461 0.023461 1
0.037776 0.037776 1
0.049674 0.049674 1
0.034475 0.034475 1
0.010609 0.010609 1
0.021076 0.021076 1
0.068501 0.068501 1
0.061078 0.061078 1
0.061328 0.061328 1
0.042967 0.042967 1
0.022819 0.022819 1
0.066476 0.066476 1
0.068176 0.068176 1
0.023659 0.023659 1
0.016161 0.016161 1
0.061328 0.061328 1
0.062382 0.062382 1
0.064183 0.064183 1
0.039014 0.039014 1
0.016161 0.016161 1
0.060529 0.060529 1
0.023220 0.023220 1
0.023220 0.023220 1
0.061078 0.061078 1
0.064319 0.064319 1
0.056549 0.056549 1
0.045786 0.045786 1
0.034475 0.034475 1
0.056764 0.056764 1
0.023461 0.023461 1
0.049298 0.049298 1
0.049298 0.049298 1
0.016161 0.016161 1
0.039278 0.039278 1
0.038437 0.038437 1
0.045786 0.045786 1
0.065956 0.065956 1
0.055579 0.055579 1
0.061328 0.061328 1
0.023597 0.023597 1
0.064041 0.064041 1
0.039397 0.039397 1
0.022160 0.022160 1
0.064319 0.064319 1
0.059575 0.059575 1
0.067468 0.067468 1
0.023597 0.023597 1
0.060529 0.060529 1
0.060529 0.060529 1
0.065305 0.065305 1
0.019265 0.019265 1
0.022160 0.022160 1
0.061078 0.061078 1
0.056764 0.056764 1
0.037776 0.037776 1
0.061328 0.061328 1
0.059575 0.059575 1
0.048635 0.048635 1
0.022819 0.022819 1
0.048345 0.048345 1
0.037776 0.037776 1
0.059575 0.059575 1
0.047544 0.047544 1
0.056549 0.056549 1
0.038548 0.038548 1
0.023220 0.023220 1
0.031125 0.031125 1
0.049845 0.049845 1
0.067156 0.067156 1
0.065305 0.065305 1
0.031125 0.031125 1
0.060686 0.060686 1
0.067156 0.067156 1
0.064319 0.064319 1
0.053902 0.053902 1
0.023461 0.023461 1
0.067855 0.067855 1
0.056764 0.056764 1
0.010609 0.010609 1
0.063434 0.063434 1
0.062382 0.062382 1
0.025560 0.025560 1
0.025560 0.025560 1
0.059575 0.059575 1
0.038548 0.038548 1
0.023461 0.023461 1
0.059575 0.059575 1
0.036519 0.036519 1
0.042967 0.042967 1
0.022819 0.022819 1
0.022160 0.022160 1
0.042967 0.042967 1
0.056077 0.056077 1
0.010609 0.010609 1
0.039278 0.039278 1
0.042967 0.042967 1
0.064041 0.064041 1
0.061328 0.061328 1
0.023461 0.023461 1
0.067468 0.067468 1
0.039278 0.039278 1
0.049845 0.049845 1
0.036519 0.036519 1
0.060686 0.060686 1
0.067468 0.067468 1
0.039278 0.039278 1
0.055579 0.055579 1
0.065956 0.065956 1
0.042967 0.042967 1
0.055251 0.055251 1
0.038548 0.038548 1
0.058026 0.058026 1
0.049845 0.049845 1
0.058026 0.058026 1
0.021076 0.021076 1
0.065305 0.065305 1
0.051750 0.051750 1
0.045786 0.045786 1
0.056077 0.056077 1
0.023220 0.023220 1
0.023659 0.023659 1
0.034475 0.034475 1
0.049845 0.049845 1
0.037776 0.037776 1
0.049674 0.049674 1
0.023461 0.023461 1
0.065956 0.065956 1
0.049845 0.049845 1
0.047544 0.047544 1
0.039014 0.039014 1
0.067855 0.067855 1
0.049845 0.049845 1
0.058026 0.058026 1
0.059575 0.059575 1
0.066476 0.066476 1
0.031125 0.031125 1
0.036519 0.036519 1
0.048635 0.048635 1
0.023659 0.023659 1
0.048635 0.048635 1
0.039278 0.039278 1
0.021076 0.021076 1
0.022160 0.022160 1
0.048345 0.048345 1
0.066253 0.066253 1
0.037776 0.037776 1
0.022819 0.022819 1
0.038437 0.038437 1
0.023461 0.023461 1
0.021076 0.021076 1
0.039397 0.039397 1
0.039397 0.039397 1
0.061078 0.061078 1
0.031125 0.031125 1
0.064319 0.064319 1
0.067468 0.067468 1
0.066253 0.066253 1
0.023597 0.023597 1
0.056764 0.056764 1
0.058026 0.058026 1
0.067156 0.067156 1
0.058026 0.058026 1
0.047544 0.047544 1
0.066253 0.066253 1
0.038437 0.038437 1
0.056077 0.056077 1
0.039014 0.039014 1
0.055579 0.055579 1
0.049674 0.049674 1
0.060686 0.060686 1
0.034475 0.034475 1
0.064183 0.064183 1
0.055251 0.055251 1
0.055251 0.055251 1
0.023597 0.023597 1
0.016161 0.016161 1
0.049674 0.049674 1
0.048345 0.048345 1
0.036519 0.036519 1
0.053902 0.053902 1
0.056764 0.056764 1
0.049298 0.049298 1
0.068176 0.068176 1
0.060686 0.060686 1
0.055251 0.055251 1
0.065305 0.065305 1
0.034475 0.034475 1
0.022160 0.022160 1
0.055251 0.055251 1
0.023597 0.023597 1
0.056764 0.056764 1
0.039397 0.039397 1
0.051750 0.051750 1
0.065956 0.065956 1
0.047544 0.047544 1
0.019265 0.019265 1
0.031125 0.031125 1
0.039014 0.039014 1
0.019265 0.019265 1
0.038548 0.038548 1
0.066253 0.066253 1
0.068501 0.068501 1
0.056549 0.056549 1
0.063434 0.063434 1
0.060529 0.060529 1
0.061328 0.061328 1
0.053902 0.053902 1
0.066253 0.066253 1
0.023220 0.023220 1
0.051750 0.051750 1
0.062382 0.062382 1
0.067156 0.067156 1
0.048635 0.048635 1
0.023597 0.023597 1
0.025560 0.025560 1
0.045786 0.045786 1
0.042967 0.042967 1
0.039014 0.039014 1
0.068176 0.068176 1
0.068176 0.068176 1
0.023659 0.023659 1
0.045786 0.045786 1
0.056077 0.056077 1
0.065956 0.065956 1
0.064319 0.064319 1
0.048635 0.048635 1
0.063434 0.063434 1
0.051750 0.051750 1
0.059575 0.059575 1
0.023461 0.023461 1
0.047544 0.047544 1
0.056549 0.056549 1
0.053902 0.053902 1
0.053902 0.053902 1
0.021076 0.021076 1
0.019265 0.019265 1
0.056549 0.056549 1
0.022819 0.022819 1
0.039014 0.039014 1
0.025560 0.025560 1
0.067468 0.067468 1
0.068176 0.068176 1
0.049674 0.049674 1
0.066253 0.066253 1
0.063434 0.063434 1
0.062382 0.062382 1
0.063434 0.063434 1
0.021076 0.021076 1
0.061078 0.061078 1
0.022819 0.022819 1
0.065956 0.065956 1
0.056077 0.056077 1
0.058026 0.058026 1
0.053902 0.053902 1
0.063434 0.063434 1
0.051750 0.051750 1
0.023659 0.023659 1
0.047544 0.047544 1
0.034475 0.034475 1
0.038548 0.038548 1
0.019265 0.019265 1
0.067855 0.067855 1
0.068501 0.068501 1
0.039397 0.039397 1
0.039397 0.039397 1
0.049674 0.049674 1
0.067156 0.067156 1
0.056764 0.056764 1
0.064041 0.064041 1
0.038548 0.038548 1
0.060529 0.060529 1
0.049674 0.049674 1
0.045786 0.045786 1
0.062382 0.062382 1
0.023220 0.023220 1
0.045786 0.045786 1
