0.026656 0.027609 1
0.042436 0.039220 1
0.052049 0.040258 0
0.057628 0.043501 0
0.060203 0.048774 1
0.060203 0.057847 1
0.057628 0.060565 1
0.052049 0.055219 0
0.042436 0.043069 0
0.026656 0.025141 0
0.042436 0.045881 0
0.069921 0.068626 1
0.087396 0.076305 0
0.097749 0.078194 0
0.102571 0.089141 0
0.102571 0.100012 0
0.097749 0.102591 1
0.087396 0.093681 1
0.069921 0.071616 1
0.042436 0.042317 0
0.052049 0.059348 1
0.087396 0.094480 0
0.110543 0.106688 1
0.124492 0.107595 1
0.131045 0.117302 1
0.131045 0.125991 1
0.124492 0.127688 1
0.110543 0.113974 1
0.087396 0.085592 1
0.052049 0.048884 1
0.057628 0.067169 1
0.097749 0.108386 1
0.124492 0.124323 1
0.140791 0.130352 0
0.148495 0.134917 0
0.148495 0.138871 0
0.140791 0.128588 1
0.124492 0.111284 1
0.097749 0.082841 0
0.057628 0.047939 0
0.060203 0.069965 1
0.102571 0.116590 0
0.131045 0.137420 1
0.148495 0.145696 0
0.156770 0.148850 1
0.156770 0.140165 1
0.148495 0.125449 0
0.131045 0.091017 1
0.102571 0.068033 0
0.060203 0.040351 1
0.060203 0.070598 1
0.102571 0.118608 0
0.131045 0.143679 1
0.148495 0.161682 0
0.156770 0.163107 1
0.156770 0.151789 0
0.148495 0.113663 0
0.131045 0.081311 0
0.102571 0.050425 0
0.060203 0.032972 1
0.057628 0.068396 1
0.097749 0.111126 1
0.124492 0.146744 0
0.140791 0.165520 1
0.148495 0.175476 1
0.148495 0.158104 1
0.140791 0.121784 1
0.124492 0.076834 0
0.097749 0.049557 0
0.057628 0.030063 1
0.052049 0.060708 1
0.087396 0.104685 0
0.110543 0.134520 0
0.124492 0.158757 1
0.131045 0.168753 1
0.131045 0.156434 1
0.124492 0.124409 1
0.110543 0.084857 0
0.087396 0.051210 0
0.052049 0.031424 1
0.042436 0.052260 0
0.069921 0.086256 1
0.087396 0.112442 1
0.097749 0.132393 1
0.102571 0.138880 1
0.102571 0.130762 0
0.097749 0.109295 1
0.087396 0.077198 1
0.069921 0.053042 0
0.042436 0.030780 0
0.026656 0.033225 1
0.042436 0.054504 1
0.052049 0.069363 1
0.057628 0.079215 1
0.060203 0.082410 0
0.060203 0.078394 1
0.057628 0.067825 1
0.052049 0.052542 0
0.042436 0.036255 1
0.026656 0.022348 1
