1	7
2	17
3	4
3	12
4	3
5	10
6	9
7	1
7	8
7	15
8	7
9	6
9	10
9	13
10	5
10	9
10	11
11	10
11	12
11	44
12	3
12	11
12	21
13	9
13	19
14	15
15	7
15	14
15	16
16	15
16	17
16	35
17	2
17	16
17	32
18	19
19	13
19	18
19	20
20	19
20	23
20	52
21	12
21	22
21	24
22	21
22	40
23	20
23	45
24	21
24	32
25	26
26	25
26	27
26	29
27	26
27	30
27	31
28	29
28	36
29	26
29	28
29	30
30	27
30	29
30	37
31	27
31	38
32	17
32	24
32	35
32	42
33	34
33	35
33	41
34	33
35	16
35	32
35	33
35	43
36	28
36	39
37	30
37	39
38	31
38	39
38	45
39	36
39	37
39	38
39	48
40	22
40	72
41	33
41	47
42	32
42	53
43	35
43	55
44	11
44	57
45	23
45	38
45	50
46	47
47	41
47	46
47	61
48	39
48	49
48	51
49	48
49	86
50	45
50	51
50	65
51	48
51	50
51	121
52	20
52	129
53	42
53	54
53	71
54	53
54	55
55	43
55	54
55	56
55	60
56	55
56	63
57	44
57	58
57	70
58	57
58	82
59	67
60	55
60	62
60	63
61	47
61	63
61	64
62	60
62	66
62	68
63	56
63	60
63	61
63	69
64	61
65	50
65	120
65	125
66	62
66	79
67	59
67	88
67	98
68	62
68	90
69	63
69	93
70	57
70	81
71	53
71	75
72	40
72	74
73	182
74	72
74	76
75	71
75	79
76	74
76	77
77	76
77	78
77	83
78	77
78	81
79	66
79	75
79	83
80	81
80	82
81	70
81	78
81	80
81	89
82	58
82	80
82	95
83	77
83	79
83	84
83	85
84	83
84	96
85	83
85	94
86	49
86	88
87	147
88	67
88	86
88	109
89	81
89	91
90	68
90	92
90	93
90	158
91	89
91	96
91	99
92	90
92	94
93	69
93	90
93	103
94	85
94	92
94	96
94	101
95	82
95	131
96	84
96	91
96	94
96	100
97	102
98	67
98	119
99	91
99	142
100	96
100	153
101	94
101	124
102	97
102	116
102	147
103	93
103	104
104	103
104	105
104	106
104	107
105	104
105	115
106	104
107	104
107	108
108	107
108	110
108	111
109	88
109	136
109	137
110	108
110	113
110	114
111	108
112	114
113	110
113	115
114	110
114	112
114	117
115	105
115	113
115	156
116	102
117	114
117	168
118	119
118	155
118	191
119	98
119	118
119	154
120	65
120	123
121	51
121	122
122	121
122	141
123	120
123	126
124	101
124	143
124	150
125	65
125	130
125	140
126	123
126	130
126	144
127	129
127	133
127	188
128	129
128	132
129	52
129	127
129	128
130	125
130	126
130	146
131	95
131	133
132	128
132	140
133	127
133	131
133	216
134	135
134	136
135	134
135	141
136	109
136	134
136	137
136	219
137	109
137	136
137	138
138	137
138	139
138	199
139	138
139	164
140	125
140	132
140	145
141	122
141	135
141	151
142	99
142	152
143	124
143	160
144	126
144	148
145	140
145	159
146	130
146	271
147	87
147	102
147	183
148	144
148	149
148	197
149	148
149	151
149	198
150	124
150	153
150	178
151	141
151	149
151	266
152	142
152	153
152	165
153	100
153	150
153	152
153	172
154	119
154	190
155	118
155	164
155	191
156	115
156	158
156	162
157	187
157	252
158	90
158	156
158	163
159	145
159	188
160	143
160	161
160	169
161	160
161	163
162	156
162	163
162	167
163	158
163	161
163	162
163	166
164	139
164	155
164	194
165	152
165	170
166	163
166	167
166	174
167	162
167	166
167	175
168	117
168	171
168	175
168	195
169	160
169	173
169	180
170	165
170	193
171	168
172	153
172	189
173	169
173	176
174	166
174	180
175	167
175	168
175	185
176	173
176	177
177	176
177	179
178	150
178	181
179	177
179	181
180	169
180	174
180	186
181	178
181	179
181	189
181	202
182	73
182	184
183	147
183	184
184	182
184	183
184	200
185	175
185	195
186	180
186	202
186	223
187	157
187	200
188	127
188	159
188	196
189	172
189	181
189	210
189	224
190	154
190	252
190	333
191	118
191	155
191	194
191	206
192	193
192	209
193	170
193	192
193	213
194	164
194	191
194	199
195	168
195	185
195	225
196	188
196	220
196	227
197	148
197	198
197	273
198	149
198	197
198	287
199	138
199	194
199	201
200	184
200	187
200	242
201	199
201	203
201	204
202	181
202	186
202	222
203	201
203	208
204	201
204	207
205	206
205	231
205	265
206	191
206	205
206	265
207	204
207	208
207	214
208	203
208	207
208	217
209	192
209	211
209	213
210	189
210	212
211	209
211	216
212	210
212	213
213	193
213	209
213	212
213	280
214	207
214	215
214	217
215	214
215	238
216	133
216	211
216	218
217	208
217	214
217	221
218	216
218	226
219	136
219	234
220	196
220	233
221	217
221	230
221	235
222	202
222	275
223	186
223	281
224	189
224	274
225	195
225	268
226	218
226	228
226	232
227	196
227	229
228	226
228	229
229	227
229	228
229	232
229	233
230	221
230	231
231	205
231	230
231	243
232	226
232	229
232	246
233	220
233	229
233	245
234	219
234	236
234	237
235	221
235	244
236	234
236	237
236	240
237	234
237	236
237	239
238	215
238	239
238	241
239	237
239	238
240	236
240	251
241	238
241	253
242	200
242	269
243	231
243	244
244	235
244	243
244	260
245	233
245	247
245	248
246	232
246	249
247	245
247	249
248	245
248	250
249	246
249	247
249	250
249	254
250	248
250	249
250	255
251	240
251	256
251	257
252	157
252	190
252	269
253	241
253	259
254	249
254	294
255	250
255	264
256	251
256	257
256	261
257	251
257	256
257	258
258	257
258	262
258	285
259	253
259	260
259	261
260	244
260	259
260	345
261	256
261	259
262	258
262	266
263	264
263	270
263	317
264	255
264	263
265	205
265	206
265	320
266	151
266	262
266	272
267	268
268	225
268	267
268	283
269	242
269	252
269	333
270	263
270	278
270	328
271	146
271	273
271	278
272	266
272	292
272	324
273	197
273	271
273	279
274	224
274	276
274	277
274	304
275	222
275	277
275	282
276	274
276	280
277	274
277	275
278	270
278	271
279	273
279	286
279	288
280	213
280	276
280	291
281	223
281	282
281	283
281	302
282	275
282	281
282	305
283	268
283	281
283	284
284	283
284	301
285	258
285	348
286	279
286	288
286	290
287	198
287	293
288	279
288	286
288	289
289	288
289	306
290	286
290	293
291	280
291	300
292	272
292	296
293	287
293	290
293	295
294	254
294	298
294	300
295	293
295	296
295	299
296	292
296	295
296	297
297	296
297	324
298	294
298	316
298	336
299	295
299	330
300	291
300	294
300	318
301	284
301	302
301	315
302	281
302	301
302	305
302	313
303	304
303	305
304	274
304	303
304	309
304	312
305	282
305	302
305	303
305	314
306	289
306	326
307	308
307	319
308	307
308	311
309	304
309	310
310	309
310	311
311	308
311	310
312	304
312	321
313	302
313	358
314	305
314	356
315	301
315	353
316	298
316	317
317	263
317	316
317	322
318	300
318	319
318	349
319	307
319	318
320	265
320	370
321	312
321	323
321	398
322	317
322	327
322	334
323	321
324	272
324	297
324	331
324	332
325	326
325	329
325	413
326	306
326	325
326	344
327	322
327	328
327	397
328	270
328	327
328	329
329	325
329	328
329	379
330	299
330	341
331	324
331	338
332	324
332	335
333	190
333	269
333	347
334	322
334	336
335	332
335	337
335	338
336	298
336	334
336	339
337	335
337	348
338	331
338	335
338	340
339	336
339	349
339	373
340	338
340	341
340	468
341	330
341	340
341	344
341	467
342	343
342	352
343	342
344	326
344	341
345	260
345	346
345	374
346	345
346	389
347	333
347	354
348	285
348	337
348	351
349	318
349	339
349	350
349	372
350	349
350	352
351	348
351	389
351	430
352	342
352	350
352	402
353	315
353	362
354	347
354	393
355	361
356	314
356	357
356	358
356	520
357	356
357	400
358	313
358	356
358	359
358	490
359	358
359	360
359	378
360	359
360	362
361	355
361	363
361	365
362	353
362	360
362	363
363	361
363	362
363	365
364	365
365	361
365	363
365	364
365	366
366	365
366	367
366	377
367	366
368	369
368	374
369	368
369	370
370	320
370	369
370	371
370	416
371	370
371	416
372	349
372	373
372	408
373	339
373	372
373	411
374	345
374	368
374	375
374	376
375	374
375	390
376	374
376	391
377	366
377	383
378	359
378	387
379	329
379	397
379	462
380	381
381	380
381	383
382	384
382	385
383	377
383	381
383	385
383	394
384	382
384	387
385	382
385	383
386	389
386	392
386	418
387	378
387	384
387	388
388	387
388	492
389	346
389	351
389	386
389	432
390	375
390	391
390	395
391	376
391	390
391	392
392	386
392	391
393	354
393	407
394	383
394	399
395	390
395	405
396	405
397	327
397	379
397	404
398	321
398	401
399	394
399	410
400	357
400	403
401	398
401	402
401	403
402	352
402	401
403	400
403	401
403	406
403	424
404	397
404	414
404	462
405	395
405	396
405	409
406	403
406	463
407	393
407	420
408	372
408	440
409	405
409	417
409	431
410	399
410	415
410	519
411	373
411	412
412	411
412	414
412	593
413	325
413	456
414	404
414	412
415	410
416	370
416	371
416	417
417	409
417	416
417	421
418	386
418	422
419	420
419	423
420	407
420	419
420	425
421	417
421	423
422	418
422	434
422	454
423	419
423	421
423	426
424	403
424	461
425	420
425	426
426	423
426	425
426	427
427	426
427	428
428	427
428	433
429	437
430	351
430	493
431	409
431	433
432	389
432	460
433	428
433	431
433	435
433	436
434	422
434	465
435	433
435	438
436	433
436	444
437	429
437	439
438	435
438	439
439	437
439	438
439	441
440	408
440	443
440	533
441	439
441	442
442	441
443	440
443	461
444	436
444	445
445	444
445	446
445	447
446	445
446	451
447	445
447	457
448	456
448	503
449	450
449	453
450	449
450	451
450	452
451	446
451	450
452	450
452	502
453	449
453	455
454	422
454	455
455	453
455	454
455	458
456	413
456	448
456	546
457	447
458	455
458	459
459	458
459	466
460	432
460	476
460	486
461	424
461	443
461	464
462	379
462	404
462	512
463	406
463	522
464	461
464	523
465	434
465	469
466	459
466	469
467	341
467	468
467	535
468	340
468	467
468	534
469	465
469	466
469	470
469	472
470	469
470	473
471	474
471	475
472	469
472	483
473	470
473	475
474	471
474	476
475	471
475	473
475	477
476	460
476	474
476	478
477	475
477	479
478	476
478	481
479	477
479	480
480	479
480	481
481	478
481	480
481	482
481	484
482	481
482	487
483	472
483	498
484	481
484	485
485	484
485	491
486	460
486	488
487	482
487	488
488	486
488	487
488	489
489	488
489	496
490	358
490	495
491	485
491	505
492	388
492	495
493	430
493	501
493	528
493	557
494	497
494	501
495	490
495	492
495	499
495	500
496	489
496	504
497	494
497	505
498	483
498	502
499	495
499	506
500	495
500	515
501	493
501	494
501	508
502	452
502	498
502	525
503	448
503	555
504	496
504	509
505	491
505	497
505	510
506	499
506	518
507	523
508	501
508	509
509	504
509	508
509	510
509	514
510	505
510	509
511	521
511	525
512	462
512	587
513	520
513	522
514	509
514	556
515	500
515	516
515	519
515	530
516	515
516	518
517	518
517	520
518	506
518	516
518	517
518	527
519	410
519	515
519	532
520	356
520	513
520	517
521	511
522	463
522	513
522	538
523	464
523	507
523	537
524	525
525	502
525	511
525	524
526	574
527	518
527	531
528	493
528	536
529	533
530	515
530	622
531	527
531	540
532	519
532	615
533	440
533	529
533	565
534	468
534	535
534	536
535	467
535	534
535	547
536	528
536	534
536	563
537	523
537	544
537	550
538	522
538	539
538	541
539	538
539	544
539	594
540	531
540	543
541	538
541	542
542	541
542	543
543	540
543	542
543	545
544	537
544	539
544	572
545	543
545	551
546	456
546	552
547	535
547	548
547	549
548	547
548	592
548	602
549	547
549	554
550	537
550	562
550	575
551	545
551	591
552	546
552	553
552	554
553	552
553	577
554	549
554	552
554	590
555	503
555	576
556	514
556	560
557	493
557	558
557	564
558	557
558	559
558	570
559	558
559	560
560	556
560	559
560	561
561	560
561	567
562	550
562	565
563	536
563	564
563	637
564	557
564	563
565	533
565	562
565	568
565	579
566	568
566	575
567	561
567	569
568	565
568	566
568	578
569	567
569	570
569	571
570	558
570	569
571	569
571	573
572	544
572	608
572	624
573	571
573	647
574	526
574	651
575	550
575	566
575	604
576	555
576	580
577	553
577	580
578	568
578	606
579	565
579	582
580	576
580	577
580	581
580	589
581	580
581	584
581	585
582	579
582	583
583	582
583	600
583	606
584	581
584	587
585	581
585	586
585	607
586	585
586	589
587	512
587	584
587	596
588	589
588	590
589	580
589	586
589	588
589	657
590	554
590	588
590	612
591	551
591	598
592	548
592	602
592	609
593	412
593	595
593	596
594	539
594	599
595	593
595	597
596	587
596	593
597	595
597	600
597	677
598	591
598	599
598	603
599	594
599	598
599	601
600	583
600	597
601	599
601	610
602	548
602	592
602	634
603	598
603	611
604	575
604	605
604	608
604	658
605	604
605	606
606	578
606	583
606	605
606	733
607	585
607	656
608	572
608	604
608	624
609	592
609	612
610	601
610	620
611	603
611	613
612	590
612	609
612	636
613	611
613	618
614	615
615	532
615	614
615	621
616	618
616	620
617	618
617	623
618	613
618	616
618	617
618	619
619	618
619	626
620	610
620	616
620	627
621	615
621	622
621	631
622	530
622	621
622	623
623	617
623	622
624	572
624	608
624	625
624	671
625	624
625	627
626	619
626	628
627	620
627	625
627	629
627	635
628	626
628	632
629	627
629	633
630	631
631	621
631	630
631	646
632	628
632	633
633	629
633	632
633	641
634	602
634	639
635	627
635	640
636	612
636	668
637	563
637	638
637	642
637	655
638	637
638	650
639	634
639	642
639	659
640	635
640	643
641	633
641	643
642	637
642	639
643	640
643	641
643	644
643	645
644	643
644	670
645	643
645	669
646	631
646	683
646	688
647	573
647	648
648	647
648	649
648	651
648	652
649	648
649	650
650	638
650	649
650	654
651	574
651	648
652	648
652	653
653	652
653	660
654	650
654	661
655	637
655	666
656	607
656	681
657	589
657	691
658	604
658	663
658	672
659	639
659	665
659	668
660	653
660	662
661	654
661	662
662	660
662	661
662	664
663	658
664	662
664	694
665	659
665	666
665	667
666	655
666	665
666	758
667	665
667	706
668	636
668	659
668	680
669	645
669	689
670	644
670	685
671	624
671	673
672	658
672	753
673	671
673	674
674	673
674	675
675	674
675	684
676	678
677	597
677	678
677	704
678	676
678	677
678	681
678	705
679	680
679	691
680	668
680	679
680	724
681	656
681	678
681	702
682	683
683	646
683	682
683	688
683	693
684	675
684	687
685	670
685	687
686	688
686	689
687	684
687	685
687	690
688	646
688	683
688	686
688	692
689	669
689	686
689	714
690	687
690	696
691	657
691	679
691	722
692	688
692	744
693	683
693	762
694	664
694	700
695	699
696	690
696	703
697	698
697	734
698	697
698	700
699	695
699	700
700	694
700	698
700	699
700	701
701	700
701	726
702	681
702	707
702	710
703	696
703	709
704	677
704	705
704	717
705	678
705	704
705	710
706	667
706	712
707	702
707	715
708	709
708	716
709	703
709	708
709	713
710	702
710	705
710	711
710	718
711	710
711	715
712	706
712	721
713	709
713	763
714	689
714	716
714	754
715	707
715	711
715	719
716	708
716	714
717	704
717	727
718	710
718	732
719	715
719	720
720	719
720	725
721	712
721	782
722	691
722	723
722	740
723	722
723	724
724	680
724	723
724	792
725	720
725	736
726	701
726	729
727	717
727	728
727	732
728	727
728	731
729	726
729	734
729	738
730	731
730	733
731	728
731	730
731	752
732	718
732	727
732	735
732	741
733	606
733	730
733	755
734	697
734	729
734	746
735	732
735	736
736	725
736	735
736	737
736	739
737	736
737	740
738	729
738	798
739	736
739	742
740	722
740	737
740	783
741	732
741	745
742	739
742	743
743	742
743	747
744	692
744	748
745	741
745	747
746	734
746	751
746	788
747	743
747	745
747	749
748	744
748	750
749	747
749	784
750	748
750	785
751	746
751	758
752	731
752	793
753	672
753	756
754	714
754	778
754	779
755	733
755	759
755	794
756	753
756	757
756	764
757	756
757	760
758	666
758	751
758	766
759	755
759	760
760	757
760	759
760	773
761	762
762	693
762	761
762	787
763	713
763	765
763	768
763	777
764	756
764	765
764	767
765	763
765	764
766	758
766	780
766	819
767	764
767	769
768	763
768	770
769	767
769	770
770	768
770	769
770	771
770	772
771	770
771	776
772	770
772	809
773	760
773	775
774	775
774	781
775	773
775	774
775	776
776	771
776	775
777	763
777	778
778	754
778	777
778	779
778	786
779	754
779	778
779	785
779	805
780	766
780	782
780	818
781	774
781	796
782	721
782	780
782	791
783	740
783	813
784	749
784	810
785	750
785	779
785	789
785	806
786	778
786	804
787	762
787	790
787	859
788	746
788	807
789	785
789	790
790	787
790	789
790	878
791	782
791	803
792	724
792	803
792	812
793	752
793	795
794	755
794	811
795	793
795	811
796	781
796	824
797	800
798	738
798	801
799	801
799	808
800	797
800	801
801	798
801	799
801	800
801	802
802	801
802	821
803	791
803	792
803	812
803	822
804	786
804	836
805	779
805	852
806	785
806	858
807	788
807	808
807	820
808	799
808	807
809	772
809	836
810	784
810	816
810	841
811	794
811	795
811	823
812	792
812	803
812	822
812	826
813	783
813	814
813	837
814	813
814	815
814	884
815	814
815	885
816	810
816	817
817	816
817	839
817	842
818	780
818	871
819	766
819	831
820	807
820	831
821	802
821	938
822	803
822	812
822	862
823	811
823	825
824	796
824	825
825	823
825	824
825	827
825	828
826	812
826	837
827	825
827	832
828	825
828	829
829	828
829	830
829	959
830	829
830	840
831	819
831	820
831	873
832	827
832	833
833	832
833	834
833	835
834	833
834	868
835	833
835	968
836	804
836	809
836	838
836	840
837	813
837	826
837	866
837	877
838	836
838	840
838	848
839	817
839	846
840	830
840	836
840	838
840	945
841	810
841	843
842	817
842	851
842	906
843	841
843	844
843	845
844	843
844	904
845	843
845	857
846	839
846	850
846	861
847	848
847	849
848	838
848	847
848	972
849	847
849	852
850	846
850	851
851	842
851	850
851	865
851	908
852	805
852	849
852	853
852	864
853	852
853	900
854	855
855	854
855	856
856	855
856	859
857	845
857	860
857	870
858	806
858	864
859	787
859	856
859	874
860	857
860	861
861	846
861	860
861	863
862	822
862	888
862	892
863	861
863	875
863	911
864	852
864	858
864	876
865	851
865	911
866	837
866	867
866	877
866	918
867	866
867	889
868	834
868	880
869	871
869	892
870	857
870	872
871	818
871	869
871	894
871	965
872	870
872	875
873	831
873	879
873	883
874	859
874	898
875	863
875	872
876	864
876	881
876	890
877	837
877	866
877	884
878	790
878	898
879	873
879	886
880	868
880	882
880	901
881	876
881	897
881	900
882	880
882	906
883	873
883	896
884	814
884	877
884	887
885	815
885	891
886	879
886	895
887	884
887	907
888	862
888	889
888	892
888	902
889	867
889	888
889	902
890	876
890	899
891	885
892	862
892	869
892	888
892	903
893	895
893	936
894	871
894	896
895	886
895	893
895	896
895	928
896	883
896	894
896	895
896	930
897	881
897	909
898	874
898	878
898	899
898	1046
899	890
899	898
900	853
900	881
900	905
900	912
901	880
901	915
902	888
902	889
902	903
902	919
903	892
903	902
903	921
904	844
904	910
905	900
905	909
906	842
906	882
906	908
906	917
907	887
907	910
908	851
908	906
908	924
909	897
909	905
909	970
910	904
910	907
910	913
910	914
911	863
911	865
911	927
912	900
912	956
913	910
913	916
914	910
914	920
915	901
915	922
916	913
916	927
917	906
917	922
918	866
918	976
919	902
919	926
920	914
920	931
921	903
921	926
922	915
922	917
922	923
922	925
923	922
923	958
924	908
924	927
925	922
925	934
926	919
926	921
926	985
927	911
927	916
927	924
927	929
928	895
928	930
929	927
929	932
929	933
929	951
930	896
930	928
930	962
931	920
931	960
932	929
932	946
933	929
933	935
934	925
934	937
935	933
935	937
936	893
936	943
937	934
937	935
937	939
937	941
938	821
938	942
939	937
939	958
940	942
940	978
941	937
941	949
942	938
942	940
942	943
942	944
943	936
943	942
944	942
944	996
945	840
945	957
946	932
946	948
947	948
947	950
948	946
948	947
948	949
948	952
949	941
949	948
950	947
950	954
951	929
951	953
952	948
952	1020
953	951
953	954
954	950
954	953
954	955
955	954
955	966
956	912
956	969
957	945
957	959
957	971
958	923
958	939
958	990
958	1011
959	829
959	957
959	967
960	931
960	961
960	976
961	960
961	964
962	930
962	963
963	962
963	981
964	961
964	973
965	871
965	980
966	955
966	973
967	959
967	982
968	835
968	982
969	956
969	1021
970	909
970	1076
971	957
971	1004
972	848
972	1021
973	964
973	966
973	974
973	975
974	973
974	1079
975	973
975	1035
976	918
976	960
976	992
977	978
978	940
978	977
978	989
979	981
979	988
980	965
980	984
980	1005
980	1006
981	963
981	979
981	987
981	1019
982	967
982	968
982	983
983	982
983	990
984	980
984	988
984	1017
985	926
985	1031
986	987
986	991
987	981
987	986
988	979
988	984
988	1013
989	978
989	1014
989	1051
990	958
990	983
990	994
990	1008
991	986
991	995
991	1003
992	976
992	1002
992	1026
993	1004
993	1022
994	990
994	1058
995	991
995	997
996	944
996	998
997	995
997	998
998	996
998	997
998	999
998	1000
999	998
999	1050
1000	998
1000	1049
1001	1002
1001	1028
1002	992
1002	1001
1002	1026
1003	991
1003	1007
1004	971
1004	993
1004	1058
1004	1139
1005	980
1005	1006
1005	1034
1006	980
1006	1005
1006	1017
1006	1041
1007	1003
1007	1032
1008	990
1008	1012
1009	1010
1009	1024
1010	1009
1010	1012
1011	958
1011	1024
1012	1008
1012	1010
1012	1199
1013	988
1013	1016
1013	1018
1014	989
1014	1015
1014	1052
1015	1014
1016	1013
1016	1019
1017	984
1017	1006
1017	1018
1017	1040
1018	1013
1018	1017
1018	1044
1019	981
1019	1016
1019	1144
1020	952
1020	1023
1020	1045
1020	1073
1021	969
1021	972
1021	1022
1021	1025
1022	993
1022	1021
1022	1183
1023	1020
1023	1024
1024	1009
1024	1011
1024	1023
1025	1021
1025	1076
1025	1208
1026	992
1026	1002
1026	1027
1027	1026
1027	1029
1028	1001
1028	1030
1029	1027
1029	1033
1029	1054
1030	1028
1030	1059
1031	985
1031	1036
1031	1059
1032	1007
1032	1070
1033	1029
1033	1042
1034	1005
1034	1039
1035	975
1035	1042
1036	1031
1036	1037
1037	1036
1037	1039
1038	1043
1038	1056
1039	1034
1039	1037
1040	1017
1040	1085
1041	1006
1041	1135
1042	1033
1042	1035
1042	1048
1042	1053
1043	1038
1043	1046
1043	1060
1044	1018
1044	1085
1045	1020
1045	1083
1046	898
1046	1043
1046	1047
1046	1060
1047	1046
1047	1076
1048	1042
1048	1063
1049	1000
1049	1057
1050	999
1050	1062
1051	989
1051	1061
1052	1014
1052	1092
1053	1042
1053	1136
1054	1029
1054	1055
1054	1068
1055	1054
1055	1065
1056	1038
1057	1049
1057	1066
1058	994
1058	1004
1058	1139
1059	1030
1059	1031
1059	1069
1059	1097
1060	1043
1060	1046
1060	1090
1061	1051
1061	1067
1062	1050
1062	1067
1063	1048
1063	1065
1064	1066
1064	1067
1065	1055
1065	1063
1065	1075
1066	1057
1066	1064
1066	1074
1067	1061
1067	1062
1067	1064
1067	1089
1068	1054
1068	1077
1068	1105
1069	1059
1069	1077
1070	1032
1070	1071
1071	1070
1071	1072
1071	1128
1072	1071
1072	1078
1073	1020
1073	1302
1074	1066
1074	1081
1075	1065
1075	1106
1076	970
1076	1025
1076	1047
1076	1127
1077	1068
1077	1069
1077	1113
1078	1072
1078	1080
1079	974
1079	1086
1079	1104
1080	1078
1080	1081
1081	1074
1081	1080
1081	1082
1082	1081
1082	1084
1083	1045
1083	1086
1083	1307
1084	1082
1084	1091
1085	1040
1085	1044
1085	1137
1086	1079
1086	1083
1086	1104
1087	1088
1087	1096
1088	1087
1088	1089
1089	1067
1089	1088
1089	1094
1090	1060
1090	1102
1090	1115
1091	1084
1091	1095
1092	1052
1092	1093
1092	1140
1093	1092
1093	1096
1093	1152
1094	1089
1094	1098
1094	1148
1095	1091
1095	1101
1096	1087
1096	1093
1096	1149
1097	1059
1097	1099
1098	1094
1098	1100
1099	1097
1099	1135
1100	1098
1100	1101
1101	1095
1101	1100
1101	1103
1102	1090
1102	1198
1103	1101
1103	1112
1104	1079
1104	1086
1104	1160
1104	1351
1105	1068
1105	1107
1106	1075
1106	1107
1107	1105
1107	1106
1107	1108
1107	1110
1108	1107
1108	1109
1108	1110
1109	1108
1109	1129
1110	1107
1110	1108
1110	1111
1111	1110
1111	1116
1112	1103
1112	1117
1113	1077
1113	1126
1114	1130
1114	1132
1115	1090
1115	1127
1116	1111
1116	1119
1117	1112
1117	1118
1118	1117
1118	1122
1118	1133
1119	1116
1119	1120
1119	1121
1120	1119
1120	1124
1121	1119
1121	1123
1122	1118
1122	1154
1123	1121
1123	1129
1123	1134
1124	1120
1124	1145
1125	1126
1125	1138
1126	1113
1126	1125
1126	1130
1126	1142
1127	1076
1127	1115
1127	1146
1128	1071
1128	1147
1129	1109
1129	1123
1129	1170
1129	1195
1130	1114
1130	1126
1130	1131
1130	1177
1131	1130
1131	1132
1132	1114
1132	1131
1132	1156
1133	1118
1133	1179
1134	1123
1134	1138
1135	1041
1135	1099
1135	1137
1135	1158
1136	1053
1136	1163
1137	1085
1137	1135
1137	1143
1138	1125
1138	1134
1138	1150
1139	1004
1139	1058
1139	1190
1140	1092
1140	1152
1140	1161
1141	1162
1142	1126
1142	1151
1143	1137
1143	1144
1143	1214
1144	1019
1144	1143
1144	1147
1144	1220
1145	1124
1145	1151
1146	1127
1146	1194
1146	1206
1147	1128
1147	1144
1147	1153
1147	1165
1148	1094
1148	1149
1148	1192
1149	1096
1149	1148
1149	1152
1149	1221
1150	1138
1150	1174
1150	1202
1151	1142
1151	1145
1151	1155
1151	1157
1152	1093
1152	1140
1152	1149
1153	1147
1153	1188
1154	1122
1154	1167
1155	1151
1155	1175
1156	1132
1156	1159
1156	1162
1157	1151
1157	1164
1158	1135
1158	1159
1159	1156
1159	1158
1159	1246
1160	1104
1160	1166
1161	1140
1161	1193
1161	1213
1162	1141
1162	1156
1162	1209
1163	1136
1163	1166
1164	1157
1164	1174
1164	1176
1165	1147
1165	1169
1166	1160
1166	1163
1166	1171
1166	1173
1167	1154
1167	1168
1168	1167
1168	1169
1169	1165
1169	1168
1169	1172
1170	1129
1170	1171
1171	1166
1171	1170
1171	1178
1172	1169
1172	1238
1173	1166
1173	1178
1173	1181
1174	1150
1174	1164
1174	1182
1174	1201
1175	1155
1175	1180
1176	1164
1176	1177
1177	1130
1177	1176
1177	1182
1177	1205
1178	1171
1178	1173
1178	1196
1179	1133
1179	1184
1180	1175
1180	1189
1181	1173
1181	1207
1181	1210
1182	1174
1182	1177
1182	1197
1183	1022
1183	1228
1184	1179
1184	1185
1184	1187
1184	1191
1185	1184
1185	1186
1186	1185
1186	1192
1187	1184
1187	1188
1188	1153
1188	1187
1188	1212
1189	1180
1189	1203
1190	1139
1190	1200
1191	1184
1191	1233
1192	1148
1192	1186
1192	1243
1193	1161
1193	1213
1193	1221
1194	1146
1194	1204
1195	1129
1195	1202
1196	1178
1196	1293
1197	1182
1197	1223
1198	1102
1198	1204
1198	1219
1199	1012
1199	1211
1199	1218
1200	1190
1200	1236
1200	1248
1201	1174
1201	1202
1201	1224
1202	1150
1202	1195
1202	1201
1202	1225
1203	1189
1203	1226
1204	1194
1204	1198
1204	1306
1205	1177
1205	1215
1206	1146
1206	1265
1207	1181
1207	1345
1208	1025
1208	1267
1209	1162
1209	1215
1210	1181
1210	1344
1211	1199
1211	1216
1211	1531
1212	1188
1212	1240
1213	1161
1213	1193
1213	1314
1214	1143
1214	1220
1214	1227
1214	1250
1215	1205
1215	1209
1215	1244
1216	1211
1216	1236
1217	1219
1218	1199
1218	1234
1219	1198
1219	1217
1219	1410
1220	1144
1220	1214
1220	1237
1220	1250
1221	1149
1221	1193
1221	1229
1222	1223
1222	1224
1223	1197
1223	1222
1223	1230
1224	1201
1224	1222
1224	1225
1224	1278
1225	1202
1225	1224
1225	1276
1226	1203
1226	1232
1227	1214
1227	1249
1228	1183
1228	1251
1228	1263
1229	1221
1229	1231
1229	1310
1230	1223
1230	1232
1231	1229
1231	1255
1231	1297
1232	1226
1232	1230
1232	1235
1232	1245
1233	1191
1233	1239
1234	1218
1234	1253
1234	1268
1235	1232
1235	1244
1236	1200
1236	1216
1236	1248
1236	1262
1237	1220
1237	1259
1238	1172
1238	1254
1239	1233
1239	1241
1239	1252
1240	1212
1240	1241
1241	1239
1241	1240
1242	1243
1242	1247
1243	1192
1243	1242
1243	1270
1244	1215
1244	1235
1244	1246
1245	1232
1245	1271
1246	1159
1246	1244
1246	1249
1246	1294
1247	1242
1247	1257
1248	1200
1248	1236
1248	1251
1248	1282
1249	1227
1249	1246
1249	1319
1250	1214
1250	1220
1250	1324
1251	1228
1251	1248
1251	1263
1252	1239
1252	1298
1253	1234
1253	1302
1254	1238
1254	1260
1255	1231
1255	1256
1256	1255
1256	1257
1256	1258
1257	1247
1257	1256
1258	1256
1258	1269
1259	1237
1259	1260
1260	1254
1260	1259
1260	1261
1261	1260
1261	1280
1262	1236
1262	1281
1263	1228
1263	1251
1263	1264
1263	1275
1264	1263
1264	1267
1265	1206
1265	1266
1265	1272
1265	1489
1266	1265
1266	1267
1266	1440
1267	1208
1267	1264
1267	1266
1268	1234
1268	1432
1269	1258
1269	1273
1270	1243
1270	1279
1271	1245
1271	1283
1272	1265
1272	1306
1273	1269
1273	1274
1273	1279
1274	1273
1274	1297
1274	1317
1275	1263
1275	1288
1276	1225
1276	1277
1276	1278
1276	1341
1277	1276
1277	1292
1278	1224
1278	1276
1278	1290
1278	1342
1279	1270
1279	1273
1279	1312
1280	1261
1280	1289
1281	1262
1281	1284
1282	1248
1282	1284
1283	1271
1283	1285
1283	1300
1284	1281
1284	1282
1284	1286
1284	1536
1285	1283
1285	1299
1286	1284
1286	1287
1287	1286
1287	1288
1288	1275
1288	1287
1288	1400
1289	1280
1289	1291
1289	1295
1290	1278
1290	1330
1291	1289
1291	1311
1292	1277
1292	1296
1292	1308
1293	1196
1293	1296
1294	1246
1294	1301
1295	1289
1295	1322
1296	1292
1296	1293
1296	1308
1297	1231
1297	1274
1297	1310
1297	1353
1298	1252
1298	1313
1299	1285
1299	1301
1300	1283
1300	1320
1301	1294
1301	1299
1301	1303
1301	1309
1302	1073
1302	1253
1302	1305
1303	1301
1303	1321
1304	1305
1304	1307
1305	1302
1305	1304
1305	1434
1306	1204
1306	1272
1306	1405
1307	1083
1307	1304
1307	1351
1308	1292
1308	1296
1308	1339
1308	1363
1309	1301
1309	1430
1310	1229
1310	1297
1310	1316
1310	1355
1311	1291
1312	1279
1312	1313
1313	1298
1313	1312
1313	1318
1314	1213
1314	1315
1315	1314
1315	1316
1315	1358
1316	1310
1316	1315
1317	1274
1317	1356
1318	1313
1318	1365
1319	1249
1319	1326
1320	1300
1320	1337
1321	1303
1321	1327
1322	1295
1322	1335
1323	1325
1323	1327
1324	1250
1324	1332
1325	1323
1325	1326
1326	1319
1326	1325
1326	1328
1326	1333
1327	1321
1327	1323
1327	1347
1328	1326
1328	1329
1329	1328
1329	1331
1330	1290
1330	1337
1331	1329
1331	1332
1332	1324
1332	1331
1332	1334
1333	1326
1333	1429
1334	1332
1334	1343
1335	1322
1335	1336
1335	1338
1335	1346
1336	1335
1336	1367
1337	1320
1337	1330
1337	1349
1338	1335
1338	1343
1339	1308
1339	1341
1340	1341
1340	1348
1341	1276
1341	1339
1341	1340
1341	1354
1342	1278
1342	1364
1343	1334
1343	1338
1344	1210
1344	1345
1344	1378
1345	1207
1345	1344
1345	1350
1345	1436
1346	1335
1346	1397
1347	1327
1347	1427
1348	1340
1348	1359
1349	1337
1349	1396
1350	1345
1350	1351
1350	1435
1351	1104
1351	1307
1351	1350
1352	1355
1352	1358
1353	1297
1353	1355
1353	1356
1353	1368
1354	1341
1354	1361
1355	1310
1355	1352
1355	1353
1355	1374
1356	1317
1356	1353
1357	1358
1358	1315
1358	1352
1358	1357
1358	1366
1359	1348
1359	1360
1360	1359
1360	1364
1361	1354
1361	1362
1362	1361
1362	1363
1363	1308
1363	1362
1363	1389
1364	1342
1364	1360
1364	1399
1365	1318
1365	1369
1366	1358
1366	1372
1366	1380
1367	1336
1367	1381
1368	1353
1368	1375
1369	1365
1369	1370
1369	1371
1370	1369
1370	1379
1371	1369
1371	1376
1372	1366
1372	1377
1372	1391
1373	1375
1373	1383
1374	1355
1374	1375
1374	1377
1375	1368
1375	1373
1375	1374
1376	1371
1376	1381
1377	1372
1377	1374
1377	1416
1378	1344
1378	1384
1379	1370
1379	1382
1380	1366
1380	1393
1380	1421
1381	1367
1381	1376
1381	1386
1382	1379
1382	1385
1383	1373
1383	1385
1384	1378
1384	1389
1384	1425
1385	1382
1385	1383
1385	1387
1385	1388
1386	1381
1386	1398
1387	1385
1387	1392
1388	1385
1388	1390
1389	1363
1389	1384
1389	1404
1390	1388
1390	1498
1391	1372
1391	1395
1392	1387
1392	1403
1393	1380
1393	1394
1394	1393
1394	1395
1394	1474
1395	1391
1395	1394
1395	1416
1396	1349
1396	1401
1397	1346
1397	1407
1398	1386
1398	1402
1399	1364
1399	1401
1400	1288
1400	1507
1401	1396
1401	1399
1401	1412
1401	1418
1402	1398
1402	1403
1402	1409
1402	1415
1403	1392
1403	1402
1404	1389
1404	1411
1405	1306
1405	1410
1405	1534
1406	1407
1406	1409
1407	1397
1407	1406
1407	1408
1408	1407
1408	1414
1409	1402
1409	1406
1410	1219
1410	1405
1410	1413
1411	1404
1411	1420
1411	1422
1412	1401
1412	1430
1413	1410
1413	1417
1413	1533
1414	1408
1414	1419
1414	1473
1415	1402
1415	1486
1416	1377
1416	1395
1416	1471
1417	1413
1418	1401
1418	1444
1419	1414
1419	1458
1420	1411
1420	1423
1421	1380
1421	1472
1422	1411
1422	1424
1422	1455
1423	1420
1423	1424
1423	1425
1423	1438
1424	1422
1424	1423
1425	1384
1425	1423
1425	1426
1426	1425
1426	1433
1426	1505
1427	1347
1427	1428
1427	1430
1427	1449
1428	1427
1429	1333
1429	1439
1430	1309
1430	1412
1430	1427
1430	1441
1431	1442
1432	1268
1432	1523
1433	1426
1433	1437
1434	1305
1434	1562
1435	1350
1435	1451
1436	1345
1436	1453
1437	1433
1437	1477
1438	1423
1438	1530
1439	1429
1439	1443
1440	1266
1440	1499
1441	1430
1441	1446
1442	1431
1442	1443
1443	1439
1443	1442
1443	1448
1443	1456
1444	1418
1444	1454
1445	1446
1445	1461
1446	1441
1446	1445
1446	1447
1446	1450
1447	1446
1447	1457
1448	1443
1448	1459
1449	1427
1449	1460
1450	1446
1450	1539
1451	1435
1451	1452
1451	1476
1452	1451
1452	1470
1453	1436
1453	1466
1453	1470
1454	1444
1454	1455
1454	1457
1454	1463
1455	1422
1455	1454
1456	1443
1456	1464
1457	1447
1457	1454
1458	1419
1458	1465
1459	1448
1459	1460
1460	1449
1460	1459
1460	1461
1460	1462
1461	1445
1461	1460
1462	1460
1462	1524
1463	1454
1463	1543
1464	1456
1464	1469
1465	1458
1465	1467
1465	1468
1465	1479
1466	1453
1466	1477
1466	1567
1467	1465
1467	1485
1468	1465
1468	1469
1469	1464
1469	1468
1469	1475
1470	1452
1470	1453
1470	1571
1471	1416
1471	1474
1471	1492
1472	1421
1472	1481
1473	1414
1473	1483
1474	1394
1474	1471
1475	1469
1475	1582
1476	1451
1476	1565
1477	1437
1477	1466
1477	1487
1478	1480
1479	1465
1479	1576
1480	1478
1480	1481
1481	1472
1481	1480
1481	1482
1481	1484
1482	1481
1482	1510
1483	1473
1483	1485
1483	1488
1484	1481
1484	1574
1485	1467
1485	1483
1486	1415
1486	1490
1487	1477
1487	1518
1487	1568
1488	1483
1488	1503
1489	1265
1489	1527
1490	1486
1490	1493
1490	1497
1491	1493
1491	1495
1492	1471
1492	1509
1493	1490
1493	1491
1493	1501
1494	1495
1494	1496
1494	1504
1495	1491
1495	1494
1496	1494
1496	1517
1497	1490
1497	1500
1498	1390
1498	1512
1499	1440
1499	1506
1499	1527
1500	1497
1500	1502
1501	1493
1501	1519
1502	1500
1502	1503
1502	1516
1503	1488
1503	1502
1504	1494
1504	1520
1505	1426
1505	1518
1505	1528
1505	1556
1506	1499
1506	1514
1507	1400
1507	1514
1507	1538
1507	1564
1508	1509
1508	1511
1509	1492
1509	1508
1509	1510
1509	1522
1510	1482
1510	1509
1511	1508
1511	1513
1512	1498
1512	1513
1512	1515
1512	1521
1513	1511
1513	1512
1514	1506
1514	1507
1514	1564
1515	1512
1515	1517
1516	1502
1516	1557
1517	1496
1517	1515
1518	1487
1518	1505
1519	1501
1519	1520
1519	1555
1519	1559
1520	1504
1520	1519
1520	1600
1521	1512
1521	1542
1522	1509
1522	1553
1523	1432
1523	1526
1524	1462
1524	1539
1524	1610
1525	1526
1525	1531
1526	1523
1526	1525
1526	1583
1527	1489
1527	1499
1527	1529
1528	1505
1528	1530
1529	1527
1529	1540
1529	1544
1530	1438
1530	1528
1530	1549
1531	1211
1531	1525
1531	1535
1531	1584
1532	1533
1533	1413
1533	1532
1533	1534
1533	1714
1534	1405
1534	1533
1534	1537
1535	1531
1535	1536
1536	1284
1536	1535
1536	1538
1536	1586
1537	1534
1537	1541
1537	1585
1538	1507
1538	1536
1539	1450
1539	1524
1539	1546
1539	1602
1540	1529
1540	1541
1541	1537
1541	1540
1542	1521
1542	1545
1543	1463
1543	1548
1544	1529
1544	1573
1545	1542
1545	1547
1545	1551
1546	1539
1546	1548
1547	1545
1547	1554
1548	1543
1548	1546
1548	1550
1548	1552
1549	1530
1549	1556
1550	1548
1550	1589
1551	1545
1551	1560
1552	1548
1552	1581
1553	1522
1553	1554
1553	1592
1554	1547
1554	1553
1555	1519
1555	1634
1556	1505
1556	1549
1556	1558
1557	1516
1557	1561
1558	1556
1558	1575
1559	1519
1559	1561
1560	1551
1560	1599
1561	1557
1561	1559
1561	1563
1562	1434
1562	1578
1563	1561
1563	1572
1564	1507
1564	1514
1564	1597
1564	1598
1565	1476
1565	1566
1565	1580
1565	1622
1566	1565
1566	1571
1567	1466
1567	1568
1567	1571
1567	1621
1568	1487
1568	1567
1568	1569
1568	1672
1569	1568
1569	1570
1570	1569
1570	1575
1571	1470
1571	1566
1571	1567
1571	1624
1572	1563
1572	1620
1573	1544
1573	1711
1574	1484
1574	1592
1574	1694
1575	1558
1575	1570
1575	1577
1575	1593
1576	1479
1576	1579
1576	1591
1577	1575
1577	1601
1578	1562
1578	1580
1578	1583
1578	1609
1579	1576
1579	1603
1579	1651
1580	1565
1580	1578
1581	1552
1581	1590
1582	1475
1582	1604
1583	1526
1583	1578
1584	1531
1584	1815
1585	1537
1585	1730
1586	1536
1586	1750
1587	1588
1587	1593
1588	1587
1588	1589
1589	1550
1589	1588
1590	1581
1590	1595
1590	1616
1591	1576
1591	1615
1591	1649
1592	1553
1592	1574
1592	1594
1592	1693
1593	1575
1593	1587
1594	1592
1594	1596
1595	1590
1595	1617
1596	1594
1596	1614
1596	1640
1597	1564
1597	1725
1598	1564
1598	1611
1599	1560
1599	1612
1600	1520
1600	1618
1601	1577
1601	1690
1602	1539
1602	1610
1602	1617
1602	1670
1603	1579
1603	1604
1604	1582
1604	1603
1604	1608
1605	1606
1605	1610
1606	1605
1606	1607
1606	1619
1607	1606
1607	1608
1608	1604
1608	1607
1609	1578
1609	1642
1609	1643
1610	1524
1610	1602
1610	1605
1610	1668
1611	1598
1611	1717
1612	1599
1612	1613
1612	1618
1613	1612
1613	1614
1614	1596
1614	1613
1614	1644
1615	1591
1615	1628
1616	1590
1616	1646
1617	1595
1617	1602
1617	1660
1618	1600
1618	1612
1618	1623
1618	1630
1619	1606
1619	1652
1620	1572
1620	1625
1621	1567
1621	1624
1621	1635
1622	1565
1622	1629
1622	1776
1623	1618
1623	1627
1624	1571
1624	1621
1624	1636
1625	1620
1625	1626
1625	1631
1626	1625
1626	1628
1627	1623
1627	1639
1628	1615
1628	1626
1628	1673
1629	1622
1629	1632
1630	1618
1630	1754
1631	1625
1631	1648
1632	1629
1632	1633
1633	1632
1633	1636
1634	1555
1634	1638
1635	1621
1635	1672
1635	1719
1636	1624
1636	1633
1636	1766
1637	1638
1637	1655
1638	1634
1638	1637
1638	1639
1638	1641
1639	1627
1639	1638
1640	1596
1640	1686
1641	1638
1641	1701
1642	1609
1642	1832
1643	1609
1643	1645
1644	1614
1644	1687
1645	1643
1645	1647
1646	1616
1646	1650
1647	1645
1647	1779
1648	1631
1648	1654
1649	1591
1649	1656
1650	1646
1650	1653
1650	1657
1651	1579
1651	1661
1652	1619
1652	1669
1653	1650
1653	1659
1654	1648
1654	1655
1654	1666
1654	1680
1655	1637
1655	1654
1656	1649
1656	1658
1656	1664
1657	1650
1657	1678
1658	1656
1658	1665
1659	1653
1659	1682
1660	1617
1660	1696
1661	1651
1661	1662
1661	1663
1661	1674
1662	1661
1662	1664
1663	1661
1663	1671
1664	1656
1664	1662
1665	1658
1665	1666
1666	1654
1666	1665
1667	1669
1667	1685
1668	1610
1668	1683
1669	1652
1669	1667
1669	1671
1669	1679
1670	1602
1670	1677
1671	1663
1671	1669
1672	1568
1672	1635
1672	1690
1673	1628
1673	1684
1674	1661
1674	1702
1675	1682
1675	1699
1676	1677
1676	1681
1677	1670
1677	1676
1677	1678
1677	1688
1678	1657
1678	1677
1679	1669
1679	1720
1680	1654
1680	1727
1681	1676
1681	1683
1682	1659
1682	1675
1682	1689
1683	1668
1683	1681
1683	1685
1684	1673
1684	1698
1685	1667
1685	1683
1686	1640
1686	1691
1687	1644
1687	1691
1688	1677
1688	1709
1689	1682
1689	1695
1689	1697
1690	1601
1690	1672
1690	1700
1691	1686
1691	1687
1691	1692
1692	1691
1692	1693
1693	1592
1693	1692
1693	1694
1693	1752
1694	1574
1694	1693
1694	1796
1695	1689
1695	1705
1696	1660
1696	1706
1697	1689
1697	1710
1698	1684
1698	1704
1698	1770
1699	1675
1699	1700
1699	1705
1700	1690
1700	1699
1700	1719
1700	1782
1701	1641
1701	1703
1702	1674
1702	1735
1703	1701
1703	1704
1704	1698
1704	1703
1704	1769
1705	1695
1705	1699
1705	1708
1706	1696
1706	1707
1707	1706
1707	1716
1707	1738
1708	1705
1708	1710
1708	1760
1709	1688
1709	1721
1709	1723
1710	1697
1710	1708
1710	1715
1711	1573
1711	1712
1711	1737
1712	1711
1712	1713
1712	1718
1713	1712
1713	1724
1714	1533
1714	1731
1715	1710
1715	1738
1716	1707
1716	1722
1717	1611
1717	1724
1718	1712
1718	1864
1718	1991
1719	1635
1719	1700
1719	1766
1720	1679
1720	1751
1721	1709
1721	1726
1722	1716
1722	1732
1722	1756
1723	1709
1723	1726
1724	1713
1724	1717
1724	1725
1725	1597
1725	1724
1725	1750
1726	1721
1726	1723
1726	1728
1727	1680
1727	1736
1728	1726
1728	1732
1728	1739
1729	1731
1730	1585
1730	1731
1730	1737
1730	1904
1731	1714
1731	1729
1731	1730
1731	1845
1732	1722
1732	1728
1732	1739
1733	1735
1733	1761
1734	1735
1734	1736
1735	1702
1735	1733
1735	1734
1735	1743
1736	1727
1736	1734
1736	1741
1737	1711
1737	1730
1737	1863
1738	1707
1738	1715
1738	1758
1739	1728
1739	1732
1739	1740
1739	1748
1740	1739
1740	1742
1740	1744
1741	1736
1741	1746
1742	1740
1742	1745
1742	1747
1743	1735
1743	1749
1744	1740
1744	1784
1745	1742
1745	1778
1746	1741
1746	1749
1747	1742
1747	1755
1747	1763
1748	1739
1748	1753
1748	1791
1749	1743
1749	1746
1749	1762
1749	1768
1750	1586
1750	1725
1750	1759
1751	1720
1751	1765
1752	1693
1752	1754
1753	1748
1753	1767
1754	1630
1754	1752
1754	1771
1755	1747
1755	1757
1755	1789
1756	1722
1756	1757
1756	1780
1757	1755
1757	1756
1757	1764
1758	1738
1758	1760
1759	1750
1759	1815
1759	1959
1760	1708
1760	1758
1760	1782
1760	1837
1761	1733
1761	1765
1762	1749
1762	1799
1763	1747
1763	1778
1764	1757
1764	1787
1765	1751
1765	1761
1765	1767
1765	1774
1766	1636
1766	1719
1766	1772
1766	1773
1767	1753
1767	1765
1768	1749
1768	1786
1769	1704
1769	1781
1770	1698
1770	1816
1771	1754
1771	1783
1772	1766
1772	1773
1772	1782
1772	1826
1773	1766
1773	1772
1773	1775
1774	1765
1774	1797
1775	1773
1775	1777
1775	1828
1776	1622
1776	1777
1776	1779
1777	1775
1777	1776
1778	1745
1778	1763
1778	1784
1778	1793
1779	1647
1779	1776
1779	1814
1780	1756
1780	1787
1780	1821
1781	1769
1781	1811
1781	1817
1782	1700
1782	1760
1782	1772
1782	1840
1783	1771
1783	1792
1783	1796
1784	1744
1784	1778
1784	1785
1785	1784
1785	1790
1785	1794
1786	1768
1786	1825
1787	1764
1787	1780
1787	1788
1787	1820
1788	1787
1788	1789
1789	1755
1789	1788
1789	1795
1790	1785
1790	1791
1791	1748
1791	1790
1791	1807
1792	1783
1792	1805
1793	1778
1793	1800
1794	1785
1794	1803
1795	1789
1795	1802
1796	1694
1796	1783
1796	1798
1797	1774
1797	1809
1798	1796
1799	1762
1799	1810
1800	1793
1800	1803
1800	1806
1801	1807
1801	1808
1801	1831
1802	1795
1802	1806
1802	1823
1803	1794
1803	1800
1803	1807
1804	1808
1804	1809
1805	1792
1805	1819
1806	1800
1806	1802
1807	1791
1807	1801
1807	1803
1807	1844
1808	1801
1808	1804
1809	1797
1809	1804
1809	1810
1809	1813
1810	1799
1810	1809
1810	1812
1810	1813
1811	1781
1811	1817
1811	1818
1812	1810
1812	1825
1813	1809
1813	1810
1813	1827
1814	1779
1814	1832
1814	1836
1815	1584
1815	1759
1815	1833
1815	1997
1816	1770
1816	1817
1816	1824
1817	1781
1817	1811
1817	1816
1817	1839
1818	1811
1818	1819
1819	1805
1819	1818
1819	1830
1820	1787
1820	1821
1820	1822
1820	1867
1821	1780
1821	1820
1821	1873
1822	1820
1822	1823
1823	1802
1823	1822
1823	1829
1824	1816
1824	1825
1825	1786
1825	1812
1825	1824
1825	1884
1826	1772
1826	1828
1826	1840
1827	1813
1827	1854
1828	1775
1828	1826
1828	1838
1829	1823
1829	1861
1830	1819
1830	1834
1830	1842
1831	1801
1831	1843
1831	1853
1832	1642
1832	1814
1832	1833
1832	1912
1833	1815
1833	1832
1834	1830
1834	1846
1834	1848
1835	1847
1836	1814
1836	1957
1837	1760
1837	1840
1837	1860
1838	1828
1838	1956
1839	1817
1839	1841
1839	1879
1840	1782
1840	1826
1840	1837
1840	1875
1841	1839
1841	1842
1841	1874
1842	1830
1842	1841
1843	1831
1843	1851
1844	1807
1844	1849
1844	1852
1845	1731
1845	1847
1845	1901
1846	1834
1846	1928
1847	1835
1847	1845
1847	1902
1848	1834
1848	1880
1849	1844
1849	1850
1849	1861
1850	1849
1850	1911
1851	1843
1851	1855
1852	1844
1852	1859
1853	1831
1853	1859
1854	1827
1854	1856
1855	1851
1855	1856
1856	1854
1856	1855
1856	1857
1856	1858
1857	1856
1857	1883
1858	1856
1858	1866
1859	1852
1859	1853
1859	1869
1859	1899
1860	1837
1860	1877
1861	1829
1861	1849
1861	1862
1861	1865
1862	1861
1862	1867
1863	1737
1863	1864
1864	1718
1864	1863
1864	1914
1865	1861
1865	1913
1866	1858
1866	1871
1867	1820
1867	1862
1867	1868
1868	1867
1868	1878
1868	1906
1869	1859
1869	1870
1870	1869
1870	1871
1871	1866
1871	1870
1871	1872
1872	1871
1872	1886
1873	1821
1873	1877
1873	1878
1874	1841
1874	1879
1874	1921
1875	1840
1875	1887
1876	1880
1876	1932
1877	1860
1877	1873
1877	1878
1877	1881
1878	1868
1878	1873
1878	1877
1878	1903
1879	1839
1879	1874
1879	1882
1879	1921
1880	1848
1880	1876
1880	1885
1881	1877
1881	1898
1881	1910
1882	1879
1882	1895
1883	1857
1883	1884
1883	1907
1884	1825
1884	1883
1884	1893
1885	1880
1885	1917
1886	1872
1886	1890
1887	1875
1887	1892
1888	1889
1888	1899
1889	1888
1889	1890
1890	1886
1890	1889
1890	1891
1890	1894
1891	1890
1891	1915
1892	1887
1892	1896
1893	1884
1893	1895
1893	1905
1894	1890
1894	1916
1895	1882
1895	1893
1895	1909
1896	1892
1896	1897
1897	1896
1897	1900
1898	1881
1898	1910
1898	1920
1899	1859
1899	1888
1899	1911
1899	1939
1900	1897
1900	1919
1901	1845
1901	1925
1902	1847
1902	2026
1903	1878
1903	1906
1903	1945
1904	1730
1904	2010
1905	1893
1905	1962
1906	1868
1906	1903
1906	1913
1906	1944
1907	1883
1907	1941
1908	1909
1908	1924
1909	1895
1909	1908
1909	1918
1910	1881
1910	1898
1910	1934
1911	1850
1911	1899
1911	1913
1911	1940
1912	1832
1912	1983
1913	1865
1913	1906
1913	1911
1913	1942
1914	1864
1914	2025
1915	1891
1915	1948
1916	1894
1916	1936
1917	1885
1917	1930
1918	1909
1918	1977
1919	1900
1919	1920
1919	1923
1920	1898
1920	1919
1920	1922
1921	1874
1921	1879
1921	1924
1921	1927
1922	1920
1922	1923
1922	1934
1923	1919
1923	1922
1923	1970
1923	1984
1924	1908
1924	1921
1924	1926
1924	1981
1925	1901
1925	2027
1926	1924
1926	1927
1926	1982
1927	1921
1927	1926
1927	1928
1927	1987
1928	1846
1928	1927
1928	1929
1928	1980
1929	1928
1929	1930
1930	1917
1930	1929
1930	1932
1931	1932
1931	1933
1932	1876
1932	1930
1932	1931
1933	1931
1933	1950
1934	1910
1934	1922
1934	1935
1935	1934
1935	1945
1935	1963
1936	1916
1936	1938
1937	1938
1937	1939
1938	1936
1938	1937
1938	1946
1938	1949
1939	1899
1939	1937
1939	1940
1940	1911
1940	1939
1940	1942
1940	1964
1941	1907
1941	1948
1942	1913
1942	1940
1942	1944
1942	1978
1943	2028
1944	1906
1944	1942
1944	1945
1945	1903
1945	1935
1945	1944
1945	1975
1946	1938
1946	1948
1947	1951
1948	1915
1948	1941
1948	1946
1948	1966
1949	1938
1949	1965
1950	1933
1950	1952
1950	1985
1951	1947
1951	1952
1951	1953
1951	1955
1952	1950
1952	1951
1952	1953
1953	1951
1953	1952
1953	1954
1954	1953
1954	1999
1955	1951
1955	2040
1956	1838
1956	1958
1956	1998
1957	1836
1957	1958
1957	1983
1958	1956
1958	1957
1958	2033
1959	1759
1959	1960
1959	1997
1960	1959
1960	1993
1961	1962
1961	1977
1961	2019
1962	1905
1962	1961
1962	1967
1963	1935
1963	1971
1963	1972
1964	1940
1964	1968
1964	1969
1965	1949
1965	2009
1966	1948
1966	1967
1966	1969
1967	1962
1967	1966
1968	1964
1968	1978
1968	2015
1969	1964
1969	1966
1970	1923
1970	1974
1970	1984
1971	1963
1971	1974
1972	1963
1972	1973
1973	1972
1973	1975
1974	1970
1974	1971
1975	1945
1975	1973
1975	1976
1975	2062
1976	1975
1976	1979
1977	1918
1977	1961
1977	1981
1977	2006
1978	1942
1978	1968
1978	1979
1979	1976
1979	1978
1980	1928
1980	2002
1981	1924
1981	1977
1981	1982
1981	2006
1982	1926
1982	1981
1982	1987
1982	2001
1983	1912
1983	1957
1983	1996
1983	2032
1984	1923
1984	1970
1984	1986
1984	2007
1985	1950
1985	2002
1986	1984
1986	1995
1987	1927
1987	1982
1987	2000
1988	1989
1988	1992
1989	1988
1989	1990
1990	1989
1990	1993
1991	1718
1991	1992
1992	1988
1992	1991
1992	2030
1993	1960
1993	1990
1993	1994
1994	1993
1994	2057
1994	2058
1995	1986
1995	1998
1996	1983
1996	1997
1997	1815
1997	1959
1997	1996
1997	2037
1998	1956
1998	1995
1998	2008
1999	1954
1999	2103
2000	1987
2000	2003
2001	1982
2001	2005
2002	1980
2002	1985
2002	2003
2002	2004
2003	2000
2003	2002
2003	2004
2003	2005
2004	2002
2004	2003
2004	2065
2005	2001
2005	2003
2005	2018
2006	1977
2006	1981
2006	2021
2007	1984
2007	2008
2008	1998
2008	2007
2008	2035
2009	1965
2009	2013
2010	1904
2010	2041
2011	2012
2011	2013
2012	2011
2012	2016
2013	2009
2013	2011
2013	2015
2013	2023
2014	2018
2014	2022
2015	1968
2015	2013
2016	2012
2016	2017
2017	2016
2017	2020
2018	2005
2018	2014
2018	2105
2019	1961
2019	2039
2020	2017
2020	2036
2021	2006
2021	2029
2022	2014
2022	2024
2023	2013
2023	2070
2024	2022
2024	2029
2025	1914
2025	2043
2026	1902
2026	2028
2026	2046
2026	2118
2027	1925
2027	2041
2028	1943
2028	2026
2028	2049
2029	2021
2029	2024
2029	2038
2030	1992
2030	2031
2030	2059
2031	2030
2031	2042
2032	1983
2032	2034
2033	1958
2033	2056
2034	2032
2034	2073
2035	2008
2035	2067
2036	2020
2036	2039
2037	1997
2037	2051
2038	2029
2038	2039
2038	2052
2039	2019
2039	2036
2039	2038
2040	1955
2040	2044
2041	2010
2041	2027
2041	2045
2042	2031
2042	2043
2043	2025
2043	2042
2043	2045
2043	2050
2044	2040
2044	2064
2044	2102
2045	2041
2045	2043
2045	2048
2045	2050
2046	2026
2046	2047
2047	2046
2047	2048
2048	2045
2048	2047
2048	2054
2049	2028
2050	2043
2050	2045
2050	2053
2050	2055
2051	2037
2051	2068
2052	2038
2052	2078
2053	2050
2053	2054
2054	2048
2054	2053
2054	2085
2055	2050
2055	2124
2056	2033
2056	2066
2056	2107
2057	1994
2057	2058
2057	2059
2058	1994
2058	2057
2058	2063
2059	2030
2059	2057
2059	2127
2060	2064
2061	2062
2061	2069
2062	1975
2062	2061
2062	2075
2062	2130
2063	2058
2063	2068
2064	2044
2064	2060
2064	2090
2064	2102
2065	2004
2065	2092
2065	2097
2066	2056
2066	2072
2067	2035
2067	2072
2068	2051
2068	2063
2068	2093
2069	2061
2069	2079
2070	2023
2070	2076
2071	2081
2071	2093
2072	2066
2072	2067
2072	2075
2072	2084
2073	2034
2073	2074
2073	2077
2074	2073
2074	2081
2075	2062
2075	2072
2076	2070
2076	2080
2077	2073
2077	2108
2078	2052
2078	2088
2079	2069
2079	2080
2080	2076
2080	2079
2080	2082
2080	2083
2081	2071
2081	2074
2081	2109
2082	2080
2082	2088
2083	2080
2083	2094
2084	2072
2084	2086
2084	2089
2085	2054
2085	2122
2085	2123
2086	2084
2086	2087
2086	2091
2087	2086
2087	2107
2088	2078
2088	2082
2088	2095
2089	2084
2089	2126
2090	2064
2090	2154
2090	2178
2091	2086
2091	2135
2092	2065
2092	2097
2092	2106
2092	2143
2093	2068
2093	2071
2093	2128
2093	2192
2094	2083
2094	2098
2095	2088
2095	2096
2095	2099
2096	2095
2096	2098
2097	2065
2097	2092
2097	2103
2098	2094
2098	2096
2098	2100
2098	2101
2099	2095
2099	2110
2100	2098
2100	2129
2101	2098
2101	2113
2102	2044
2102	2064
2102	2114
2102	2153
2103	1999
2103	2097
2103	2104
2104	2103
2104	2116
2105	2018
2105	2106
2106	2092
2106	2105
2106	2111
2107	2056
2107	2087
2107	2108
2107	2112
2108	2077
2108	2107
2108	2112
2109	2081
2109	2117
2110	2099
2110	2111
2111	2106
2111	2110
2111	2139
2112	2107
2112	2108
2112	2134
2112	2161
2113	2101
2113	2146
2114	2102
2114	2116
2115	2118
2116	2104
2116	2114
2116	2152
2117	2109
2117	2120
2117	2194
2118	2026
2118	2115
2118	2119
2119	2118
2119	2121
2119	2136
2120	2117
2120	2155
2121	2119
2121	2123
2122	2085
2122	2123
2122	2124
2122	2142
2123	2085
2123	2121
2123	2122
2123	2131
2124	2055
2124	2122
2124	2125
2124	2145
2125	2124
2125	2127
2126	2089
2126	2133
2127	2059
2127	2125
2127	2128
2127	2151
2128	2093
2128	2127
2129	2100
2129	2130
2130	2062
2130	2129
2130	2144
2130	2150
2131	2123
2131	2141
2132	2138
2132	2180
2133	2126
2133	2159
2134	2112
2134	2155
2135	2091
2135	2137
2136	2119
2136	2269
2137	2135
2137	2140
2138	2132
2138	2147
2138	2148
2139	2111
2139	2240
2140	2137
2140	2156
2141	2131
2141	2270
2142	2122
2142	2273
2143	2092
2143	2261
2144	2130
2144	2149
2145	2124
2145	2220
2146	2113
2146	2196
2147	2138
2147	2150
2148	2138
2148	2191
2149	2144
2149	2197
2150	2130
2150	2147
2151	2127
2151	2244
2152	2116
2152	2166
2153	2102
2153	2175
2154	2090
2154	2223
2155	2120
2155	2134
2155	2181
2156	2140
2156	2157
2156	2160
2156	2162
2157	2156
2157	2158
2158	2157
2158	2159
2159	2133
2159	2158
2159	2163
2159	2164
2160	2156
2160	2165
2161	2112
2161	2162
2162	2156
2162	2161
2162	2173
2163	2159
2163	2170
2163	2172
2164	2159
2164	2168
2164	2169
2165	2160
2165	2167
2165	2173
2166	2152
2166	2175
2166	2203
2167	2165
2167	2168
2168	2164
2168	2167
2168	2174
2168	2179
2169	2164
2169	2170
2169	2183
2170	2163
2170	2169
2170	2171
2170	2184
2171	2170
2171	2172
2172	2163
2172	2171
2172	2180
2173	2162
2173	2165
2173	2177
2174	2168
2175	2153
2175	2166
2175	2176
2175	2221
2176	2175
2176	2178
2177	2173
2177	2179
2178	2090
2178	2176
2178	2195
2179	2168
2179	2177
2179	2181
2180	2132
2180	2172
2180	2187
2181	2155
2181	2179
2181	2182
2182	2181
2182	2185
2183	2169
2183	2184
2183	2188
2184	2170
2184	2183
2184	2188
2184	2272
2185	2182
2185	2186
2185	2190
2186	2185
2186	2219
2186	2333
2187	2180
2187	2191
2188	2183
2188	2184
2188	2189
2189	2188
2189	2190
2189	2314
2190	2185
2190	2189
2191	2148
2191	2187
2191	2211
2191	2313
2192	2093
2192	2193
2193	2192
2193	2243
2194	2117
2194	2225
2195	2178
2195	2271
2196	2146
2196	2198
2197	2149
2197	2216
2198	2196
2198	2199
2199	2198
2199	2200
2199	2201
2199	2204
2200	2199
2200	2202
2201	2199
2201	2209
2202	2200
2202	2206
2203	2166
2203	2215
2204	2199
2204	2205
2205	2204
2205	2207
2206	2202
2206	2213
2207	2205
2207	2208
2207	2212
2208	2207
2208	2209
2209	2201
2209	2208
2209	2210
2209	2230
2210	2209
2210	2217
2210	2224
2211	2191
2211	2216
2212	2207
2212	2222
2213	2206
2213	2214
2214	2213
2214	2218
2215	2203
2215	2228
2215	2247
2216	2197
2216	2211
2216	2218
2216	2236
2217	2210
2217	2229
2218	2214
2218	2216
2219	2186
2219	2237
2220	2145
2220	2248
2220	2281
2221	2175
2221	2231
2222	2212
2222	2226
2223	2154
2223	2238
2224	2210
2224	2233
2225	2194
2225	2237
2225	2242
2226	2222
2226	2234
2227	2255
2228	2215
2228	2231
2228	2252
2229	2217
2229	2233
2229	2241
2230	2209
2230	2232
2230	2235
2231	2221
2231	2228
2231	2254
2231	2262
2232	2230
2232	2234
2233	2224
2233	2229
2233	2235
2233	2345
2234	2226
2234	2232
2234	2239
2235	2230
2235	2233
2236	2216
2236	2331
2237	2219
2237	2225
2237	2284
2238	2223
2238	2246
2238	2255
2239	2234
2239	2348
2240	2139
2240	2241
2240	2249
2241	2229
2241	2240
2242	2225
2242	2243
2243	2193
2243	2242
2243	2245
2243	2282
2244	2151
2244	2245
2244	2248
2244	2347
2245	2243
2245	2244
2246	2238
2246	2288
2247	2215
2247	2251
2247	2252
2247	2268
2248	2220
2248	2244
2249	2240
2249	2250
2249	2261
2250	2249
2250	2329
2251	2247
2251	2256
2252	2228
2252	2247
2252	2257
2252	2265
2253	2254
2253	2257
2254	2231
2254	2253
2254	2258
2255	2227
2255	2238
2255	2259
2255	2260
2256	2251
2256	2261
2257	2252
2257	2253
2257	2258
2258	2254
2258	2257
2258	2267
2259	2255
2259	2315
2260	2255
2260	2291
2261	2143
2261	2249
2261	2256
2262	2231
2262	2263
2262	2267
2263	2262
2263	2264
2264	2263
2264	2271
2265	2252
2265	2267
2265	2274
2265	2286
2266	2277
2267	2258
2267	2262
2267	2265
2267	2286
2268	2247
2268	2274
2269	2136
2269	2270
2270	2141
2270	2269
2270	2276
2271	2195
2271	2264
2271	2288
2271	2293
2272	2184
2272	2313
2273	2142
2273	2279
2274	2265
2274	2268
2275	2276
2275	2278
2275	2376
2276	2270
2276	2275
2276	2277
2277	2266
2277	2276
2277	2368
2278	2275
2278	2279
2279	2273
2279	2278
2279	2280
2280	2279
2280	2281
2280	2372
2281	2220
2281	2280
2281	2349
2282	2243
2282	2283
2283	2282
2283	2289
2283	2290
2284	2237
2284	2285
2284	2289
2285	2284
2285	2338
2286	2265
2286	2267
2286	2287
2286	2317
2287	2286
2287	2300
2288	2246
2288	2271
2289	2283
2289	2284
2289	2290
2290	2283
2290	2289
2290	2307
2290	2381
2291	2260
2291	2292
2291	2308
2291	2318
2292	2291
2292	2295
2293	2271
2293	2299
2294	2295
2294	2320
2295	2292
2295	2294
2295	2296
2296	2295
2296	2309
2297	2299
2297	2301
2298	2299
2298	2302
2299	2293
2299	2297
2299	2298
2299	2303
2300	2287
2300	2304
2301	2297
2301	2304
2302	2298
2302	2310
2303	2299
2303	2328
2304	2300
2304	2301
2304	2305
2304	2306
2305	2304
2305	2341
2306	2304
2306	2328
2307	2290
2307	2347
2308	2291
2308	2311
2309	2296
2309	2311
2310	2302
2310	2311
2311	2308
2311	2309
2311	2310
2311	2312
2312	2311
2312	2393
2313	2191
2313	2272
2313	2334
2314	2189
2314	2327
2314	2340
2315	2259
2315	2323
2316	2317
2317	2286
2317	2316
2317	2326
2318	2291
2318	2321
2319	2322
2319	2323
2320	2294
2320	2321
2321	2318
2321	2320
2321	2322
2321	2324
2322	2319
2322	2321
2323	2315
2323	2319
2323	2325
2324	2321
2324	2392
2325	2323
2325	2358
2326	2317
2326	2332
2327	2314
2327	2335
2327	2384
2328	2303
2328	2306
2328	2367
2329	2250
2329	2330
2329	2351
2329	2375
2330	2329
2330	2332
2331	2236
2331	2334
2331	2346
2331	2379
2332	2326
2332	2330
2332	2339
2333	2186
2333	2337
2333	2340
2334	2313
2334	2331
2334	2336
2335	2327
2335	2336
2336	2334
2336	2335
2336	2382
2337	2333
2337	2338
2338	2285
2338	2337
2338	2387
2339	2332
2339	2342
2340	2314
2340	2333
2340	2385
2341	2305
2341	2342
2342	2339
2342	2341
2342	2343
2342	2344
2343	2342
2343	2397
2344	2342
2344	2363
2345	2233
2345	2350
2345	2354
2346	2331
2346	2352
2347	2244
2347	2307
2347	2356
2348	2239
2348	2353
2349	2281
2349	2357
2349	2386
2350	2345
2350	2351
2350	2362
2351	2329
2351	2350
2352	2346
2352	2353
2353	2348
2353	2352
2353	2354
2353	2355
2354	2345
2354	2353
2355	2353
2355	2378
2356	2347
2356	2357
2356	2365
2357	2349
2357	2356
2358	2325
2358	2360
2359	2361
2360	2358
2360	2361
2360	2364
2361	2359
2361	2360
2362	2350
2362	2377
2363	2344
2363	2367
2363	2396
2364	2360
2364	2391
2365	2356
2365	2380
2365	2383
2366	2388
2366	2389
2367	2328
2367	2363
2367	2369
2368	2277
2368	2371
2368	2591
2369	2367
2369	2390
2370	2371
2371	2368
2371	2370
2372	2280
2372	2373
2373	2372
2373	2536
2374	2375
2374	2459
2375	2329
2375	2374
2376	2275
2376	2550
2377	2362
2377	2420
2378	2355
2378	2429
2379	2331
2379	2425
2380	2365
2380	2541
2381	2290
2381	2475
2382	2336
2382	2411
2383	2365
2383	2398
2384	2327
2384	2411
2385	2340
2385	2410
2386	2349
2386	2531
2387	2338
2387	2441
2388	2366
2388	2394
2389	2366
2389	2402
2390	2369
2390	2394
2391	2364
2391	2395
2392	2324
2392	2408
2393	2312
2393	2402
2394	2388
2394	2390
2394	2433
2395	2391
2395	2399
2396	2363
2396	2415
2397	2343
2397	2412
2398	2383
2398	2413
2398	2548
2399	2395
2399	2400
2399	2401
2400	2399
2401	2399
2401	2406
2402	2389
2402	2393
2402	2403
2403	2402
2403	2404
2403	2500
2404	2403
2404	2405
2404	2612
2405	2404
2405	2408
2406	2401
2406	2409
2406	2617
2407	2408
2407	2409
2407	2549
2408	2392
2408	2405
2408	2407
2409	2406
2409	2407
2409	2549
2410	2385
2410	2411
2410	2494
2411	2382
2411	2384
2411	2410
2411	2421
2411	2501
2412	2397
2412	2417
2413	2398
2413	2533
2414	2415
2414	2418
2415	2396
2415	2414
2415	2416
2416	2415
2416	2426
2417	2412
2417	2418
2417	2419
2418	2414
2418	2417
2419	2417
2419	2468
2420	2377
2420	2422
2420	2423
2421	2411
2421	2472
2422	2420
2422	2439
2423	2420
2423	2440
2424	2428
2424	2431
2425	2379
2425	2431
2426	2416
2426	2427
2426	2608
2427	2426
2427	2433
2428	2424
2428	2430
2429	2378
2429	2438
2430	2428
2430	2432
2430	2435
2431	2424
2431	2425
2431	2434
2431	2437
2432	2430
2432	2436
2433	2394
2433	2427
2433	2500
2434	2431
2434	2476
2435	2430
2435	2529
2436	2432
2436	2438
2437	2431
2437	2489
2438	2429
2438	2436
2438	2442
2438	2452
2439	2422
2439	2443
2440	2423
2440	2448
2441	2387
2441	2444
2442	2438
2442	2496
2443	2439
2443	2445
2443	2449
2443	2456
2444	2441
2444	2453
2445	2443
2445	2446
2446	2445
2446	2448
2447	2448
2447	2460
2448	2440
2448	2446
2448	2447
2448	2455
2449	2443
2449	2471
2450	2451
2450	2453
2451	2450
2451	2464
2452	2438
2452	2458
2453	2444
2453	2450
2453	2454
2453	2457
2454	2453
2454	2490
2455	2448
2455	2482
2456	2443
2456	2485
2457	2453
2457	2527
2458	2452
2458	2473
2459	2374
2459	2470
2460	2447
2460	2461
2461	2460
2461	2463
2461	2465
2461	2466
2462	2463
2462	2469
2463	2461
2463	2462
2464	2451
2464	2467
2465	2461
2465	2492
2466	2461
2466	2530
2467	2464
2467	2487
2468	2419
2468	2470
2469	2462
2469	2470
2470	2459
2470	2468
2470	2469
2470	2474
2471	2449
2471	2480
2472	2421
2472	2484
2473	2458
2473	2477
2473	2478
2474	2470
2474	2615
2475	2381
2475	2493
2476	2434
2476	2535
2477	2473
2477	2517
2478	2473
2478	2498
2479	2480
2479	2485
2480	2471
2480	2479
2480	2495
2481	2484
2481	2488
2482	2455
2482	2483
2482	2486
2482	2491
2483	2482
2483	2491
2483	2492
2484	2472
2484	2481
2484	2489
2484	2499
2485	2456
2485	2479
2485	2486
2486	2482
2486	2485
2486	2491
2487	2467
2487	2507
2488	2481
2488	2512
2489	2437
2489	2484
2490	2454
2490	2493
2491	2482
2491	2483
2491	2486
2492	2465
2492	2483
2492	2530
2493	2475
2493	2490
2493	2497
2493	2502
2494	2410
2494	2506
2495	2480
2495	2504
2496	2442
2496	2503
2497	2493
2497	2524
2498	2478
2498	2516
2499	2484
2499	2518
2500	2403
2500	2433
2500	2607
2501	2411
2501	2520
2502	2493
2502	2525
2503	2496
2503	2508
2503	2510
2504	2495
2504	2509
2505	2506
2505	2521
2506	2494
2506	2505
2506	2507
2506	2522
2507	2487
2507	2506
2508	2503
2508	2509
2509	2504
2509	2508
2510	2503
2510	2519
2511	2513
2511	2517
2512	2488
2512	2520
2513	2511
2513	2516
2514	2525
2514	2527
2515	2518
2515	2569
2516	2498
2516	2513
2516	2519
2516	2523
2517	2477
2517	2511
2517	2529
2518	2499
2518	2515
2518	2534
2519	2510
2519	2516
2520	2501
2520	2512
2520	2521
2521	2505
2521	2520
2522	2506
2522	2544
2523	2516
2523	2580
2524	2497
2524	2540
2525	2502
2525	2514
2525	2537
2526	2528
2526	2544
2527	2457
2527	2514
2527	2528
2527	2604
2528	2526
2528	2527
2529	2435
2529	2517
2529	2532
2530	2466
2530	2492
2530	2632
2531	2386
2531	2553
2532	2529
2532	2535
2532	2587
2533	2413
2533	2542
2534	2518
2534	2535
2535	2476
2535	2532
2535	2534
2535	2578
2536	2373
2536	2543
2537	2525
2537	2538
2537	2619
2538	2537
2538	2539
2539	2538
2539	2541
2540	2524
2540	2551
2541	2380
2541	2539
2541	2547
2542	2533
2542	2552
2543	2536
2543	2545
2543	2546
2544	2522
2544	2526
2544	2569
2545	2543
2545	2567
2546	2543
2546	2568
2547	2541
2547	2554
2548	2398
2548	2560
2549	2407
2549	2409
2549	2603
2550	2376
2550	2555
2551	2540
2551	2554
2552	2542
2552	2562
2553	2531
2553	2565
2554	2547
2554	2551
2554	2558
2554	2573
2555	2550
2555	2556
2555	2557
2555	2574
2556	2555
2556	2599
2557	2555
2557	2568
2558	2554
2558	2561
2559	2560
2559	2563
2560	2548
2560	2559
2560	2561
2560	2576
2561	2558
2561	2560
2562	2552
2562	2572
2563	2559
2563	2571
2564	2565
2564	2567
2565	2553
2565	2564
2565	2566
2565	2575
2566	2565
2566	2570
2567	2545
2567	2564
2568	2546
2568	2557
2569	2515
2569	2544
2569	2629
2570	2566
2570	2572
2571	2563
2571	2572
2572	2562
2572	2570
2572	2571
2572	2577
2573	2554
2573	2588
2574	2555
2574	2627
2575	2565
2575	2579
2576	2560
2576	2584
2577	2572
2577	2579
2578	2535
2578	2635
2579	2575
2579	2577
2579	2582
2580	2523
2580	2581
2581	2580
2581	2583
2582	2579
2582	2585
2582	2602
2583	2581
2583	2590
2584	2576
2584	2586
2584	2588
2584	2610
2585	2582
2585	2586
2586	2584
2586	2585
2587	2532
2587	2589
2588	2573
2588	2584
2588	2625
2589	2587
2589	2590
2590	2583
2590	2589
2590	2592
2590	2600
2591	2368
2591	2596
2592	2590
2592	2633
2593	2594
2594	2593
2594	2596
2595	2596
2595	2597
2596	2591
2596	2594
2596	2595
2597	2595
2597	2598
2598	2597
2598	2599
2598	2601
2599	2556
2599	2598
2600	2590
2600	2634
2601	2598
2601	2605
2602	2582
2602	2606
2603	2549
2603	2611
2603	2622
2604	2527
2604	2621
2605	2601
2606	2602
2606	2630
2606	2631
2607	2500
2607	2609
2607	2613
2608	2426
2608	2609
2608	2614
2609	2607
2609	2608
2609	2623
2610	2584
2610	2616
2610	2620
2611	2603
2611	2612
2612	2404
2612	2611
2612	2613
2613	2607
2613	2612
2613	2624
2614	2608
2614	2615
2614	2626
2615	2474
2615	2614
2616	2610
2616	2618
2617	2406
2618	2616
2619	2537
2620	2610
2621	2604
2622	2603
2623	2609
2624	2613
2625	2588
2626	2614
2627	2574
2627	2628
2628	2627
2629	2569
2630	2606
2631	2606
2632	2530
2633	2592
2634	2600
2635	2578
