  0.38237311
  0.12887767
  0.00090021
  0.00000000
  0.00000000
  0.00000000
  1.53155721
  0.38237311
  0.00000000
  0.00030007
  0.00533680
  0.00895115
  0.00000000
  0.76681099
  2.86211357
  1.64707808
  0.52260863
  0.00000000
  0.00000000
  0.00000000
  0.04469744
  0.03405466
  0.00000000
  0.07299023
  0.00000000
  0.00000000
  0.00000000
  0.00000000
  0.00000000
  0.00000000
  0.00000000
  0.39429649
  0.18807220
  0.04224224
  1.27132558
  0.00000000
  0.00000000
  0.00000000
  0.00000000
  0.04796524
  0.08808039
  0.16318430
  0.96799873
  0.01245398
  0.00000000
  0.01516541
  0.11622856
  0.00000000
  0.00000000
  0.00000000
  0.00000000
  0.00000000
  0.23702057
  0.13972716
  1.24329101
  0.62662851
  0.06418492
  0.01538462
  0.00000000
  1.31538922
  0.26002532
  2.21565862
  1.57956131
  0.03709172
  0.00000000
  0.85253592
  0.00000000
  3.15352323
  1.96229543
  0.18415548
  0.31073037
  0.10438699
  0.00000000
  0.24528014
  0.62966276
  0.52355234
  1.50487433
  0.54884361
  1.67647706
  0.17969717
  0.89830050
  0.05962658
  4.48707214
  2.57207274
  4.46310304
  0.00000000
  0.00000000
  0.00000000
  1.25780423
 10.62487932
  3.27730397
  4.91909005
  4.44059257
 13.55064175
  0.00887870
  7.60047697
  0.00000000
  0.00000000
  1.79963803
  4.24076792
  9.65115341
  0.00000000
  1.60229465
  2.20412375
  2.35060439
  0.38219187
  0.58865063
  0.81960193
  0.00000000
  1.98199769
  0.16065203
  0.60153717
  2.40053183
  2.50794514
  6.22052568
  0.00000000
  3.20282085
  0.00000000
  0.00000000
  0.00000000
  0.00000000
  0.00000000
  0.00000000
 13.22843349
  0.00000000
  0.00000000
  0.00649568
  0.00000000
  0.00052052
  0.00000000
  0.00742394
  0.00000000
  0.04323081
  0.00000000
  0.00000000
  0.00000000
  0.00000000
  0.00000000
  0.00000000
  0.00000000
  0.00000000
  2.25849199
 10.14836170
  0.00000000
  0.00000000
  0.00000000
  0.00000000
  0.00000000
  0.00000000
 14.48364052
  0.00000000
  5.02230360
 11.68977394
  0.00000000
  0.00000000
 11.60615588
  0.00000000
 14.72551909
  0.00000000
 17.05030254
 11.49470762
 16.13443013
 26.15063804
  0.00000000
  2.13405386
 18.54938185
 18.08957548
  9.44177479
 13.73888821
  1.36716860
  1.89795005
  4.72244377
  6.60461045
 11.37697060
 12.85645249
  4.54215050
  3.75041560
  8.16217463
  4.25647094
 15.79643658
 10.59947319
  0.00000000
  0.00000000
  0.00000000
  5.47761441
  9.34768436
  0.00000000
  0.00052052
  9.68040711
  0.00000000
  0.00000000
  0.75873129
  1.68812187
  0.00000000
  5.75847993
  0.00000000
  0.00000000
  0.00000000
  0.00000000
  0.00000000
  0.00000000
  7.10172840
  0.00000000
  0.00000000
  0.00000000
  0.00000000
  0.00000000
  0.00000000
  1.42443775
  3.11818684
  0.45998257
  2.06338636
  3.93810224
  0.00000000
  0.00000000
  0.19595932
  0.00000000
  0.03968052
  0.00000000
  0.00000000
  0.00000000
  4.47170506
  4.21248860
  7.34318445
  2.40814861
  0.00967846
  0.00000000
  0.00078078
  0.00000000
  0.00000000
  0.00000000
  0.00195196
  0.00000000
  0.00000000
  0.00000000
  0.00000000
  0.00000000
  0.00000000
  0.00000000
  0.00000000
  0.00000000
  0.00000000
  0.00000000
  0.00000000
  0.00117117
  0.00780783
  0.00800303
  0.00078078
  0.06412175
  0.00839342
  0.00000000
  0.00000000
  0.00000000
  0.16579098
  0.00078078
  0.00000000
  0.00000000
  0.00000000
  0.00000000
  0.00000000
  0.00000000
  0.00000000
  0.00104104
  0.00000000
  0.00000000
  0.00000000
  0.52288687
  2.15662688
  0.00000000
  0.00000000
  0.00000000
  0.00000000
  0.00000000
 19.15547016
  7.66688259
  7.62302497
  7.25417391
  0.00000000
  0.00000000
  6.10224802
  6.37340514
  6.74578541
  2.75802426
  1.49360683
  0.00000000
  0.00000000
  0.00000000
  0.00000000
  0.00000000
  0.00000000
  2.35021431
  0.00000000
  0.00000000
  0.63648969
  0.00000000
  0.00000000
  0.00000000
  0.20523352
  0.00000000
  1.71689968
  2.78321176
  6.97109596
 10.37658425
 18.21410677
 13.76959475
  0.00000000
  3.54452448
  5.77534069
 10.29990487
 11.34361534
  8.42763912
  9.45944673
  1.97279832
  4.08397826
  1.01120301
  0.04552871
  0.01219735
  1.33072847
  1.85915819
  0.00000000
 14.31281830
  0.00334149
  4.45047543
  0.00000000
  0.00000000
  0.00000000
  0.00000000
  0.00000000
  0.00000000
  0.00000000
  0.00000000
  0.00000000
  0.00000000
  0.01761460
  0.00000000
  0.10999502
  0.00000000
  0.00000000
  0.31371315
  0.00000000
  0.00000000
  0.47446554
  0.14678665
  0.00000000
  0.00000000
  0.00000000
  0.00000000
  0.00000000
  1.03835527
  0.50132348
  0.00000000
  1.41806319
  0.49133858
  0.00000000
  0.00078078
  3.66260487
  1.56771489
  2.17350056
  0.64588771
  0.20711621
  0.01047551
  0.26943756
  0.06395596
  0.00058559
  0.01096350
  0.00058559
  0.00000000
  0.00000000
  0.00000000
  0.00000000
  0.00000000
  1.31360501
  0.45333536
  0.00000000
  0.00000000
  0.00000000
  0.00000000
  0.18802381
  0.00000000
  0.00000000
  0.00000000
  0.00175676
  0.00000000
  0.01299812
  0.00000000
  0.00000000
  0.07459315
  0.02369575
  0.00000000
  0.00000000
  0.00000000
  0.00000000
  0.00000000
  0.00000000
  0.00000000
  0.00000000
  0.00000000
  6.49569332
  0.00000000
  2.04514294
  5.63765096
  2.30992058
  6.21243275
  0.00107949
  0.00000000
  1.91343299
  0.00000000
  1.76043298
  0.00000000
  0.00000000
  0.11110606
  0.04258829
  0.00000000
  0.00754160
  0.00000000
  0.00000000
  0.00000000
  0.00000000
  0.00000000
  0.00000000
  0.00000000
  0.00000000
  0.00000000
  5.04679600
  0.00000000
  0.00000000
  0.00000000
  0.00000000
  0.00000000
  0.00000000
  0.00000000
  0.00000000
  0.00000000
  0.00000000
  0.00000000
  0.00000000
  0.00000000
  0.00000000
  0.00000000
  3.86291429
  0.00000000
  0.00000000
  4.59650125
  0.00000000
  0.00000000
  0.00000000
  0.00000000
  0.00000000
  0.00000000
  0.00000000
  0.00000000
  0.00000000
  0.00000000
  0.00000000
  0.00000000
  0.00000000
  0.00000000
  0.00000000
  0.00000000
  0.00000000
  8.78370890
  0.00000000
  1.30429499
  5.59605667
  0.00000000
  0.00000000
  0.00000000
  0.00000000
  0.00000000
  0.00000000
  0.00000000
  0.00000000
  0.00000000
  0.00000000
  0.00000000
  0.00000000
  0.00000000
  0.00000000
  0.00000000
  0.00000000
  0.00000000
  0.00000000
  0.00000000
  0.00000000
  0.00000000
  0.00000000
  0.00000000
  0.00000000
  0.00000000
  0.53932748
  0.00000000
  0.05065190
  0.00000000
  0.00000000
  0.28033770
  0.00000000
  0.00000000
  0.00000000
  0.05462874
  0.04846351
  0.00000000
  0.00000000
  0.00000000
  0.00000000
  0.00000000
  0.04700527
  3.18268683
  0.00000000
  0.00000000
  0.00000000
  0.00000000
  0.00000000
  0.88451860
  0.00000000
  0.02261289
  0.04040729
  0.47264927
  0.23314675
  0.00164696
  1.38576091
  0.00000000
  1.84467577
  8.41416087
  0.00000000
  0.00000000
  0.00000000
  0.04348221
  0.00000000
  0.60228006
  0.00200182
  0.04319709
  0.00000000
  2.11025484
  0.00000000
  0.00000000
  0.00000000
  7.07382008
  2.75545964
  4.81745386
  0.10529593
  1.07903723
  0.60916314
  0.35777331
  7.02224339
  0.11965590
  0.00000000
  0.00000000
  0.00000000
  0.00000000
  4.28423824
  0.12045834
  0.00000000
  0.00000000
  0.00000000
  0.00000000
  0.00000000
  0.00000000
  0.00000000
  0.00000000
  0.00000000
  0.00000000
  1.85871991
  0.00000000
  0.00000000
  2.15819239
  1.40040915
  0.00000000
  1.57196380
  0.00000000
  0.00000000
  0.00000000
  6.81326531
  0.00000000
  0.00000000
  3.13394416
  0.00000000
  0.00000000
  0.96413884
  0.64333702
  0.00000000
  0.00000000
  0.50050117
  0.77439814
  0.00000000
  0.00000000
  0.00000000
  0.00051754
  0.00000000
  0.00000000
  0.00000000
  0.23064229
  0.00000000
  0.02868797
  1.93997599
  0.04142312
  0.00390595
  0.12230130
  0.67266918
  1.47301043
  0.24657660
  0.63219130
  0.00000000
  0.22516961
  4.96050087
  1.35942621
  1.75855678
  0.00000000
  6.18122646
  0.00000000
  0.56639037
  0.10684320
  0.00000000
  0.07722266
  0.00000000
  0.00000000
  0.44259864
  0.05541487
  0.27387491
  0.06346529
  1.15064395
  0.00035486
  0.00494870
  0.01846532
  8.88797221
  3.36336024
  0.04584563
  2.94610979
  0.09147079
  0.86383625
  0.00000000
  0.00000000
  0.20534204
  0.60081890
  0.00000000
  0.88858413
  0.00000000
  0.00000000
  0.00000000
  0.00000000
  0.52064224
  0.23574683
  0.00000000
  0.40293982
  0.09321189
  0.08717561
  0.00000000
  0.00000000
  0.00000000
  0.00000000
  0.00000000
  0.00000000
  0.00000000
  0.00000000
  0.00000000
  0.00000000
  0.00005257
  0.00000000
  2.32449105
  0.00000000
  0.00000000
  0.00000000
  0.00000000
  0.66223499
  0.00000000
  0.00000000
  0.00000000
  0.00000000
  0.00000000
  0.02945318
  0.04578032
  3.61421942
  0.97320953
  2.65975811
  1.80806199
  1.10682652
  0.00055857
  0.02581707
  0.00579662
  0.00000000
  0.00000000
  0.00063743
  0.00000000
  0.00000000
  0.58325975
  0.06914548
  0.00053229
  0.28731168
  0.00000000
  0.00703062
  0.06743772
  0.00000000
  0.00000000
  0.00000000
  0.00000000
  0.00000000
  0.01667831
  0.00000000
  0.00000000
  0.00000000
  0.00000000
  0.00000000
  0.00005257
  0.00212915
  0.00507814
  0.00132962
  0.00000000
  0.00000000
  0.00000000
  0.00000000
  0.00017962
  0.00000000
  0.00000000
  0.00000000
  0.00053229
  0.00000000
  0.00000000
  0.00231710
  0.00012705
  0.00000000
  0.00000000
  0.00000000
  0.00000000
  0.00000000
  0.00000000
  0.00000000
  0.00000000
  0.00226526
  0.00202455
  0.00000000
  0.00195580
  0.00200593
  0.00027746
  1.00000000
  0.00000000
  0.00000876
  0.00000000
  0.00000000
  0.00000000
  0.00000000
  0.00000000
  0.00000876
  0.00000000
  0.00000000
  0.00000000
  0.00000000
  0.00000000
  0.00000000
  0.00000000
  0.00000000
  0.00000000
  0.00000000
  0.00004113
  0.50524050
  0.00000000
  0.08573290
  0.29236958
  0.13007575
  0.00000000
  0.09109789
  0.11842478
  0.00000000
  0.00000000
  0.00000000
  0.00502934
  0.09541737
  0.02099277
  0.00000000
  0.02051963
  0.00000000
  0.00471391
  0.00078857
  0.00057829
  0.00000000
  0.02064929
  0.00092584
  0.00704877
  0.00139899
  0.00063086
  0.00000000
  0.00000000
  0.00000000
  0.00010514
  0.00000000
  0.00000000
  0.00000000
  0.00000000
  0.00000000
  0.00000000
  0.00000000
  0.00000000
  0.00000000
  0.00000000
  0.00000000
  0.00002483
  0.00410589
  0.00015723
  0.00000000
  0.00000000
  0.00000000
  0.00000000
  0.00000000
  0.00000000
  0.00000000
  0.00000000
  0.00000000
  0.00000000
  0.00000000
  0.00000000
  0.00000000
  0.00000000
  0.00000000
  0.00124586
  0.00000000
  0.00000000
  0.00000000
  0.00000000
  0.00000000
  0.00000000
  0.00000000
  0.00000000
  0.00000000
  0.00000000
  0.00000000
  0.00016599
  0.00000000
  0.00001752
  0.00000000
  0.00000000
  0.00000000
  0.00000000
  0.00000000
  0.00000000
  0.00000000
  0.00000000
  0.00000000
  0.00000000
  0.00000000
  0.00000000
  0.00000000
  0.00000000
  0.00000000
  0.00000000
  0.00000000
  0.00000000
  0.00000000
  0.00000000
  0.00000000
  0.00000000
  0.00000000
  0.00000000
  0.00000000
  0.00000000
  0.00000000
  0.00000000
  0.00000000
  0.00000000
  0.00000000
  0.00000000
  0.00000000
  0.00000000
  0.00000000
  0.00000000
  0.00000000
  0.00000000
  0.00000000
  0.00000000
  0.00000000
  0.00000000
  0.00000000
  0.00000000
  0.00000000
  0.00000000
  0.00000000
  0.00000000
  0.00000000
  0.00000000
  0.00000000
  0.00000000
  0.00000000
  0.00000000
  0.00000000
  0.00000000
  0.00000000
  0.00000000
  0.00000000
  0.00000000
  0.00000000
  0.00000000
  0.00000000
  0.00000000
  0.00000000
  0.00000000
  0.00000000
  0.00000000
  0.00000000
  0.00000000
  0.00000000
  0.00000000
  0.00000000
  0.00000000
  0.00000000
  0.00000000
  0.00000000
  0.00000000
  0.00000000
  0.00000000
  0.00000000
  0.00000000
  0.00000000
  0.00000000
  0.00000000
  0.00000000
  0.00000000
  0.00000000
  0.00000000
  0.00000000
  0.00000000
  0.00000000
  0.00000000
  0.00000000
  0.00000000
  0.00000000
  0.00000000
  0.00000000
  0.00000000
  0.00000000
  0.00000000
  0.00000000
  0.00000000
  0.00000000
  0.00000000
  0.00000000
  0.00000000
  0.00000000
  0.00000000
  0.00000000
  0.00000000
  0.00000000
  0.00000000
  0.00000000
  0.00000000
  0.00000000
  0.00000000
  0.00000000
  0.00000000
  0.00000000
  0.00000000
  0.00000000
  0.00000000
  0.00000000
  0.00000000
  0.00000000
  0.00000000
  0.00000000
  0.00000000
  0.00000000
  0.00000000
  0.00000000
  0.00000000
  0.00000000
  0.00000000
  0.00000000
  0.00000000
  0.00000000
  0.00000000
  0.00000000
  0.00000000
  0.00000000
  0.00000000
  0.00000000
  0.00000000
  0.00000000
  0.00000000
  0.00000000
  0.00000000
  0.00000000
  0.00000000
  0.00000000
  0.00000000
  0.00000000
  0.00000000
  0.00000000
  0.00000000
  0.00000000
  0.00000000
  0.00000000
  0.00000000
  0.00000000
  0.00000000
  0.00000000
  0.00000000
  0.00000000
  0.00000000
  0.00000000
  0.00000000
  0.00000000
  0.00000000
  0.00000000
  0.00000000
  0.00000000
  0.00000000
  0.00000000
  0.00000000
  0.00000000
  0.00000000
  0.00000000
  0.00000000
  0.00000000
  0.00000000
  0.00000000
  0.00000000
  0.00000000
  0.00000000
  0.00000000
  0.00000000
  0.00000000
  0.00000000
  0.00000000
  0.00000000
  0.00000000
  0.00000000
  0.00000000
  0.00000000
  0.00000000
  0.00000000
  0.00000000
  0.00000000
  0.00000000
  0.00000000
  0.00000000
  0.00000000
  0.00000000
  0.00000000
  0.00000000
  0.00000000
  0.00000000
  0.00000000
  0.00000000
  0.00000000
  0.00000000
  0.00000000
  0.00000000
  0.00000000
  0.00000000
  0.00000000
  0.00000000
  0.00000000
  0.00000000
  0.00000000
  0.00000000
  0.00000000
  0.00000000
  0.00000000
  0.00000000
  0.00000000
  0.00000000
  0.00000000
  0.00000000
  0.00000000
  0.00000000
  0.00000000
  0.00000000
  0.00000000
  0.00000000
  0.00000000
  0.00000000
  0.00000000
  0.00000000
  0.00000000
  0.00000000
  0.00000000
  0.00000000
  0.00000000
  0.00000000
  0.00000000
  0.00000000
  0.00000000
  0.00000000
  0.00000000
  0.00000000
  0.00000000
  0.00000000
  0.00000000
  0.00000000
  0.00000000
  0.00000000
  0.00000000
  0.00000000
  0.00000000
  0.00000000
  0.00000000
  0.00000000
  0.00000000
  0.00000000
  0.00000000
  0.00000000
  0.00000000
  0.00000000
  0.00000000
  0.00000000
  0.00000000
  0.00000000
  0.00000000
  0.00000000
  0.00000000
  0.00000000
  0.00000000
  0.00000000
  0.00000000
  0.00000000
  0.00000000
  0.00000000
  0.00000000
  0.00000000
  0.00000000
  0.00000000
  0.00000000
  0.00000000
  0.00000000
  0.00000000
  0.00000000
  0.00000000
  0.00000000
  0.00000000
  0.00000000
  0.00000000
  0.00000000
  0.00000000
  0.00000000
  0.00000000
  0.00000000
  0.00000000
  0.00000000
  0.00000000
  0.00000000
  0.00000000
  0.00000000
  0.00000000
  0.00000000
  0.00000000
  0.00000000
  0.00000000
  0.00000000
  0.00000000
  0.00000000
  0.00000000
  0.00000000
  0.00000000
  0.00000000
  0.00000000
  0.00000000
  0.00000000
  0.00000000
  0.00000000
  0.00000000
  0.00000000
  0.00000000
  0.00000000
  0.00000000
  0.00000000
  0.00000000
  0.00000000
  0.00000000
  0.00000000
  0.00000000
  0.00000000
  0.00000000
  0.00000000
  0.00000000
  0.00000000
  0.00000000
  0.00000000
  0.00000000
  0.00000000
  0.00000000
  0.00000000
  0.00000000
  0.00000000
  0.00000000
  0.00000000
  0.00000000
  0.00000000
  0.00000000
  0.00000000
  0.00000000
  0.00000000
  0.00000000
  0.00000000
  0.00000000
  0.00000000
  0.00000000
  0.00000000
  0.00000000
  0.00000000
  0.00000000
  0.00000000
  0.00000000
  0.00000000
  0.00000000
  0.00000000
  0.00000000
  0.00000000
  0.00000000
  0.00000000
  0.00000000
  0.00000000
  0.00000000
  0.00000000
  0.00000000
  0.00000000
  0.00000000
  0.00000000
  0.00000000
  0.00000000
  0.00000000
  0.00000000
  0.00000000
  0.00000000
  0.00000000
  0.00000000
  0.00000000
  0.00000000
  0.00000000
  0.00000000
  0.00000000
  0.00000000
  0.00000000
  0.00000000
  0.00000000
  0.00000000
  0.00000000
  0.00000000
  0.00000000
  0.00000000
  0.00000000
  0.00000000
  0.00000000
  0.00000000
  0.00000000
  0.00000000
  0.00000000
  0.00000000
  0.00000000
  0.00000000
  0.00000000
  0.00000000
  0.00000000
  0.00000000
  0.00000000
  0.00000000
  0.00000000
  0.00000000
  0.00000000
  0.00000000
  0.00000000
  0.00000000
  0.00000000
  0.00000000
  0.00000000
  0.00000000
  0.00000000
  0.00000000
  0.00000000
  0.00000000
  0.00000000
  0.00000000
  0.00000000
  0.00000000
  0.00000000
  0.00000000
  0.00000000
  0.00000000
  0.00000000
  0.00000000
  0.00000000
  0.00000000
  0.00000000
  0.00000000
  0.00000000
  0.00000000
  0.00000000
  0.00000000
  0.00000000
  0.00000000
  0.00000000
  0.00000000
  0.00000000
  0.00000000
  0.00000000
  0.00000000
  0.00000000
  0.00000000
  0.00000000
  0.00000000
  0.00000000
  0.00000000
  0.00000000
  0.00000000
  0.00000000
  0.00000000
  0.00000000
  0.00000000
  0.00000000
  0.00000000
  0.00000000
  0.00000000
  0.00000000
  0.00000000
  0.00000000
  0.00000000
  0.00000000
  0.00000000
  0.00000000
  0.00000000
  0.00000000
  0.00000000
  0.00000000
  0.00000000
  0.00000000
  0.00000000
  0.00000000
  0.00000000
  0.00000000
  0.00000000
  0.00000000
  0.00000000
  0.00000000
  0.00000000
  0.00000000
  0.00000000
  0.00000000
  0.00000000
  0.00000000
  0.00000000
  0.00000000
  0.00000000
  0.00000000
  0.00000000
  0.00000000
  0.00000000
  0.00000000
  0.00000000
  0.00000000
  0.00000000
  0.00000000
  0.00000000
  0.00000000
  0.00000000
  0.00000000
  0.00000000
  0.00000000
  0.00000000
  0.00000000
  0.00000000
  0.00000000
  0.00000000
  0.00000000
  0.00000000
  0.00000000
  0.00000000
  0.00000000
  0.00000000
  0.00000000
  0.00000000
  0.00000000
  0.00000000
  0.00000000
  0.00000000
  0.00000000
  0.00000000
  0.00000000
  0.00000000
  0.00000000
  0.00000000
  0.00000000
  0.00000000
  0.00000000
  0.00000000
  0.00000000
  0.00000000
  0.00000000
  0.00000000
  0.00000000
  0.00000000
  0.00000000
  0.00000000
  0.00000000
  0.00000000
  0.00000000
  0.00000000
  0.00000000
  0.00000000
  0.00000000
  0.00000000
  0.00000000
  0.00000000
  0.00000000
  0.00000000
  0.00000000
  0.00000000
  0.00000000
  0.00000000
  0.00000000
  0.00000000
  0.00000000
  0.00000000
  0.00000000
  0.00000000
  0.00000000
  0.00000000
  0.00000000
  0.00000000
  0.00000000
  0.00000000
  0.00000000
  0.00000000
  0.00000000
  0.00000000
  0.00000000
  0.00000000
  0.00000000
  0.00000000
  0.00000000
  0.00000000
  0.00000000
  0.00000000
  0.00000000
  0.00000000
  0.00000000
  0.00000000
  0.00000000
  0.00000000
  0.00000000
  0.00000000
  0.00000000
  0.00000000
  0.00000000
  0.00000000
  0.00000000
  0.00000000
  0.00000000
  0.00000000
  0.00000000
  0.00000000
  0.00000000
  0.00000000
  0.00000000
  0.00000000
  0.00000000
  0.00000000
  0.00000000
  0.00000000
  0.00000000
  0.00000000
  0.00000000
  0.00000000
  0.00000000
  0.00000000
  0.00000000
  0.00000000
  0.00000000
  0.00000000
  0.00000000
  0.00000000
  0.00000000
  0.00000000
  0.00000000
  0.00000000
  0.00000000
  0.00000000
  0.00000000
  0.00000000
  0.00000000
  0.00000000
  0.00000000
  0.00000000
  0.00000000
  0.00000000
  0.00000000
  0.00000000
  0.00000000
  0.00000000
  0.00000000
  0.00000000
  0.00000000
  0.00000000
  0.00000000
  0.00000000
  0.00000000
  0.00000000
  0.00000000
  0.00000000
  0.00000000
  0.00000000
  0.00000000
  0.00000000
  0.00000000
  0.00000000
  0.00000000
  0.00000000
  0.00000000
  0.00000000
  0.00000000
  0.00000000
  0.00000000
  0.00000000
  0.00000000
  0.00000000
  0.00000000
  0.00000000
  0.00000000
  0.00000000
  0.00000000
  0.00000000
  0.00000000
  0.00000000
  0.00000000
  0.00000000
  0.00000000
  0.00000000
  0.00000000
  0.00000000
  0.00000000
  0.00000000
  0.00000000
  0.00000000
  0.00000000
  0.00000000
  0.00000000
  0.00000000
  0.00000000
  0.00000000
  0.00000000
  0.00000000
  0.00000000
  0.00000000
  0.00000000
  0.00000000
  0.00000000
  0.00000000
  0.00000000
  0.00000000
  0.00000000
  0.00000000
  0.00000000
  0.00000000
  0.00000000
  0.00000000
  0.00000000
  0.00000000
  0.00000000
  0.00000000
  0.00000000
  0.00000000
  0.00000000
  0.00000000
  0.00000000
  0.00000000
  0.00000000
  0.00000000
  0.00000000
  0.00000000
  0.00000000
  0.00000000
  0.00000000
  0.00000000
  0.00000000
  0.00000000
  0.00000000
  0.00000000
  0.00000000
  0.00000000
  0.00000000
  0.00000000
  0.00000000
  0.00000000
  0.00000000
  0.00000000
  0.00000000
  0.00000000
  0.00000000
  0.00000000
  0.00000000
  0.00000000
  0.00000000
  0.00000000
  0.00000000
  0.00000000
  0.00000000
  0.00000000
  0.00000000
  0.00000000
  0.00000000
  0.00000000
  0.00000000
  0.00000000
  0.00000000
  0.00000000
  0.00000000
  0.00000000
  0.00000000
  0.00000000
  0.00000000
  0.00000000
  0.00000000
  0.00000000
  0.00000000
  0.00000000
  0.00000000
  0.00000000
  0.00000000
  0.00000000
  0.00000000
  0.00000000
  0.00000000
  0.00000000
  0.00000000
  0.00000000
  0.00000000
  0.00000000
  0.00000000
  0.00000000
  0.00000000
  0.00000000
  0.00000000
  0.00000000
  0.00000000
  0.00000000
  0.00000000
  0.00000000
  0.00000000
  0.00000000
  0.00000000
  0.00000000
  0.00000000
  0.00000000
  0.00000000
  0.00000000
  0.00000000
  0.00000000
  0.00000000
  0.00000000
  0.00000000
  0.00000000
  0.00000000
  0.00000000
  0.00000000
  0.00000000
  0.00000000
  0.00000000
  0.00000000
  0.00000000
  0.00000000
  0.00000000
  0.00000000
  0.00000000
  0.00000000
  0.00000000
  0.00000000
  0.00000000
  0.00000000
  0.00000000
  0.00000000
  0.00000000
  0.00000000
  0.00000000
  0.00000000
  0.00000000
  0.00000000
  0.00000000
  0.00000000
  0.00000000
  0.00000000
  0.00000000
  0.00000000
  0.00000000
  0.00000000
  0.00000000
  0.00000000
  0.00000000
  0.00000000
  0.00000000
  0.00000000
  0.00000000
  0.00000000
  0.00000000
  0.00000000
  0.00000000
  0.00000000
  0.00000000
  0.00000000
  0.00000000
  0.00000000
  0.00000000
  0.00000000
  0.00000000
  0.00000000
  0.00000000
  0.00000000
  0.00000000
  0.00000000
  0.00000000
  0.00000000
  0.00000000
  0.00000000
  0.00000000
  0.00000000
  0.00000000
  0.00000000
  0.00000000
  0.00000000
  0.00000000
  0.00000000
  0.00000000
  0.00000000
  0.00000000
  0.00000000
  0.00000000
  0.00000000
  0.00000000
  0.00000000
  0.00000000
  0.00000000
  0.00000000
  0.00000000
  0.00000000
  0.00000000
  0.00000000
  0.00000000
  0.00000000
  0.00000000
  0.00000000
  0.00000000
  0.00000000
  0.00000000
  0.00000000
  0.00000000
  0.00000000
  0.00000000
  0.00000000
  0.00000000
  0.00000000
  0.00000000
  0.00000000
  0.00000000
  0.00000000
  0.00000000
  0.00000000
  0.00000000
  0.00000000
  0.00000000
  0.00000000
  0.00000000
  0.00000000
  0.00000000
  0.00000000
  0.00000000
  0.00000000
  0.00000000
  0.00000000
  0.00000000
  0.00000000
  0.00000000
  0.00000000
  0.00000000
  0.00000000
  0.00000000
  0.00000000
  0.00000000
  0.00000000
  0.00000000
  0.00000000
  0.00000000
  0.00000000
  0.00000000
  0.00000000
  0.00000000
  0.00000000
  0.00000000
  0.00000000
  0.00000000
  0.00000000
  0.00000000
  0.00000000
  0.00000000
  0.00000000
  0.00000000
  0.00000000
  0.00000000
  0.00000000
  0.00000000
  0.00000000
  0.00000000
  0.00000000
  0.00000000
  0.00000000
  0.00000000
  0.00000000
  0.00000000
  0.00000000
  0.00000000
  0.00000000
  0.00000000
  0.00000000
  0.00000000
  0.00000000
  0.00000000
  0.00000000
  0.00000000
  0.00000000
  0.00000000
  0.00000000
  0.00000000
  0.00000000
  0.00000000
  0.00000000
  0.00000000
  0.00000000
  0.00000000
  0.00000000
  0.00000000
  0.00000000
  0.00000000
  0.00000000
  0.00000000
  0.00000000
  0.00000000
  0.00000000
  0.00000000
  0.00000000
  0.00000000
  0.00000000
  0.00000000
  0.00000000
  0.00000000
  0.00000000
  0.00000000
  0.00000000
  0.00000000
  0.00000000
  0.00000000
  0.00000000
  0.00000000
  0.00000000
  0.00000000
  0.00000000
  0.00000000
  0.00000000
  0.00000000
  0.00000000
  0.00000000
  0.00000000
  0.00000000
  0.00000000
  0.00000000
  0.00000000
  0.00000000
  0.00000000
  0.00000000
  0.00000000
  0.00000000
  0.00000000
  0.00000000
  0.00000000
  0.00000000
  0.00000000
  0.00000000
  0.00000000
  0.00000000
  0.00000000
  0.00000000
  0.00000000
  0.00000000
  0.00000000
  0.00000000
  0.00000000
  0.00000000
  0.00000000
  0.00000000
  0.00000000
  0.00000000
  0.00000000
  0.00000000
  0.00000000
  0.00000000
  0.00000000
  0.00000000
  0.00000000
  0.00000000
  0.00000000
  0.00000000
  0.00000000
  0.00000000
  0.00000000
  0.00000000
  0.00000000
  0.00000000
  0.00000000
  0.00000000
  0.00000000
  0.00000000
  0.00000000
  0.00000000
  0.00000000
  0.00000000
  0.00000000
  0.00000000
  0.00000000
  0.00000000
  0.00000000
  0.00000000
  0.00000000
  0.00000000
  0.00000000
  0.00000000
  0.00000000
  0.00000000
  0.00000000
  0.00000000
  0.00000000
  0.00000000
  0.00000000
  0.00000000
  0.00000000
  0.00000000
  0.00000000
  0.00000000
  0.00000000
  0.00000000
  0.00000000
  0.00000000
  0.00000000
  0.00000000
  0.00000000
  0.00000000
  0.00000000
  0.00000000
  0.00000000
  0.00000000
  0.00000000
  0.00000000
  0.00000000
  0.00000000
  0.00000000
  0.00000000
  0.00000000
  0.00000000
  0.00000000
  0.00000000
  0.00000000
  0.00000000
  0.00000000
  0.00000000
  0.00000000
  0.00000000
  0.00000000
  0.00000000
  0.00000000
  0.00000000
  0.00000000
  0.00000000
  0.00000000
  0.00000000
  0.00000000
  0.00000000
  0.00000000
  0.00000000
  0.00000000
  0.00000000
  0.00000000
  0.00000000
  0.00000000
  0.00000000
  0.00000000
  0.00000000
  0.00000000
  0.00000000
  0.00000000
  0.00000000
  0.00000000
  0.00000000
  0.00000000
  0.00000000
  0.00000000
  0.00000000
  0.00000000
  0.00000000
  0.00000000
  0.00000000
  0.00000000
  0.00000000
  0.00000000
  0.00000000
  0.00000000
  0.00000000
  0.00000000
  0.00000000
  0.00000000
  0.00000000
  0.00000000
  0.00000000
  0.00000000
  0.00000000
  0.00000000
  0.00000000
  0.00000000
  0.00000000
  0.00000000
  0.00000000
  0.00000000
  0.00000000
  0.00000000
  0.00000000
  0.00000000
  0.00000000
  0.00000000
  0.00000000
  0.00000000
  0.00000000
  0.00000000
  0.00000000
  0.00000000
  0.00000000
  0.00000000
  0.00000000
  0.00000000
  0.00000000
  0.00000000
  0.00000000
  0.00000000
  0.00000000
  0.00000000
  0.00000000
  0.00000000
  0.00000000
  0.00000000
  0.00000000
  0.00000000
  0.00000000
  0.00000000
  0.00000000
  0.00000000
  0.00000000
  0.00000000
  0.00000000
  0.00000000
  0.00000000
  0.00000000
  0.00000000
  0.00000000
  0.00000000
  0.00000000
  0.00000000
  0.00000000
  0.00000000
  0.00000000
  0.00000000
  0.00000000
  0.00000000
  0.00000000
  0.00000000
  0.00000000
  0.00000000
  0.00000000
  0.00000000
  0.00000000
  0.00000000
  0.00000000
  0.00000000
  0.00000000
  0.00000000
  0.00000000
  0.00000000
  0.00000000
  0.00000000
  0.00000000
  0.00000000
  0.00000000
  0.00000000
  0.00000000
  0.00000000
  0.00000000
  0.00000000
  0.00000000
  0.00000000
  0.00000000
  0.00000000
  0.00000000
  0.00000000
  0.00000000
  0.00000000
  0.00000000
  0.00000000
  0.00000000
  0.00000000
  0.00000000
  0.00000000
  0.00000000
  0.00000000
  0.00000000
  0.00000000
  0.00000000
  0.00000000
  0.00000000
  0.00000000
  0.00000000
  0.00000000
  0.00000000
  0.00000000
  0.00000000
  0.00000000
  0.00000000
  0.00000000
  0.00000000
  0.00000000
  0.00000000
  0.00000000
  0.00000000
  0.00000000
  0.00000000
  0.00000000
  0.00000000
  0.00000000
  0.00000000
  0.00000000
  0.00000000
  0.00000000
  0.00000000
  0.00000000
  0.00000000
  0.00000000
  0.00000000
  0.00000000
  0.00000000
  0.00000000
  0.00000000
  0.00000000
  0.00000000
  0.00000000
  0.00000000
  0.00000000
  0.00000000
  0.00000000
  0.00000000
  0.00000000
  0.00000000
  0.00000000
  0.00000000
  0.00000000
  0.00000000
  0.00000000
  0.00000000
  0.00000000
  0.00000000
  0.00000000
  0.00000000
  0.00000000
  0.00000000
  0.00000000
  0.00000000
  0.00000000
  0.00000000
  0.00000000
  0.00000000
  0.00000000
  0.00000000
  0.00000000
  0.00000000
  0.00000000
  0.00000000
  0.00000000
  0.00000000
  0.00000000
  0.00000000
  0.00000000
  0.00000000
  0.00000000
  0.00000000
  0.00000000
  0.00000000
  0.00000000
  0.00000000
  0.00000000
  0.00000000
  0.00000000
  0.00000000
  0.00000000
  0.00000000
  0.00000000
  0.00000000
  0.00000000
  0.00000000
  0.00000000
  0.00000000
  0.00000000
  0.00000000
  0.00000000
  0.00000000
  0.00000000
  0.00000000
  0.00000000
  0.00000000
  0.00000000
  0.00000000
  0.00000000
  0.00000000
  0.00000000
  0.00000000
  0.00000000
  0.00000000
  0.00000000
  0.00000000
  0.00000000
  0.00000000
  0.00000000
  0.00000000
  0.00000000
  0.00000000
  0.00000000
  0.00000000
  0.00000000
  0.00000000
  0.00000000
  0.00000000
  0.00000000
  0.00000000
  0.00000000
  0.00000000
  0.00000000
  0.00000000
  0.00000000
  0.00000000
  0.00000000
  0.00000000
  0.00000000
  0.00000000
  0.00000000
  0.00000000
  0.00000000
  0.00000000
  0.00000000
  0.00000000
  0.00000000
  0.00000000
  0.00000000
  0.00000000
  0.00000000
  0.00000000
  0.00000000
  0.00000000
  0.00000000
  0.00000000
  0.00000000
  0.00000000
  0.00000000
  0.00000000
  0.00000000
  0.00000000
  0.00000000
  0.00000000
  0.00000000
  0.00000000
  0.00000000
  0.00000000
  0.00000000
  0.00000000
  0.00000000
  0.00000000
  0.00000000
  0.00000000
  0.00000000
  0.00000000
  0.00000000
  0.00000000
  0.00000000
  0.00000000
  0.00000000
  0.00000000
  0.00000000
  0.00000000
  0.00000000
  0.00000000
  0.00000000
  0.00000000
  0.00000000
  0.00000000
  0.00000000
  0.00000000
  0.00000000
  0.00000000
  0.00000000
  0.00000000
  0.00000000
  0.00000000
  0.00000000
  0.00000000
  0.00000000
  0.00000000
  0.00000000
  0.00000000
  0.00000000
  0.00000000
  0.00000000
  0.00000000
  0.00000000
  0.00000000
  0.00000000
  0.00000000
  0.00000000
  0.00000000
  0.00000000
  0.00000000
  0.00000000
  0.00000000
  0.00000000
  0.00000000
  0.00000000
  0.00000000
  0.00000000
  0.00000000
  0.00000000
  0.00000000
  0.00000000
  0.00000000
  0.00000000
  0.00000000
  0.00000000
  0.00000000
  0.00000000
  0.00000000
  0.00000000
  0.00000000
  0.00000000
  0.00000000
  0.00000000
  0.00000000
  0.00000000
  0.00000000
  0.00000000
  0.00000000
  0.00000000
  0.00000000
  0.00000000
  0.00000000
  0.00000000
  0.00000000
  0.00000000
  0.00000000
  0.00000000
  0.00000000
  0.00000000
  0.00000000
  0.00000000
  0.00000000
  0.00000000
  0.00000000
  0.00000000
  0.00000000
  0.00000000
  0.00000000
  0.00000000
  0.00000000
  0.00000000
  0.00000000
  0.00000000
  0.00000000
  0.00000000
  0.00000000
  0.00000000
  0.00000000
  0.00000000
  0.00000000
  0.00000000
  0.00000000
  0.00000000
  0.00000000
  0.00000000
  0.00000000
  0.00000000
  0.00000000
  0.00000000
  0.00000000
  0.00000000
  0.00000000
  0.00000000
  0.00000000
  0.00000000
  0.00000000
  0.00000000
  0.00000000
  0.00000000
  0.00000000
  0.00000000
  0.00000000
  0.00000000
  0.00000000
  0.00000000
  0.00000000
  0.00000000
  0.00000000
  0.00000000
  0.00000000
  0.00000000
  0.00000000
  0.00000000
  0.00000000
  0.00000000
  0.00000000
  0.00000000
  0.00000000
  0.00000000
  0.00000000
  0.00000000
  0.00000000
  0.00000000
  0.00000000
  0.00000000
  0.00000000
  0.00000000
  0.00000000
  0.00000000
  0.00000000
  0.00000000
  0.00000000
  0.00000000
  0.00000000
  0.00000000
  0.00000000
  0.00000000
  0.00000000
  0.00000000
  0.00000000
  0.00000000
  0.00000000
  0.00000000
  0.00000000
  0.00000000
  0.00000000
  0.00000000
  0.00000000
  0.00000000
  0.00000000
  0.00000000
  0.00000000
  0.00000000
  0.00000000
  0.00000000
  0.00000000
  0.00000000
  0.00000000
  0.00000000
  0.00000000
  0.00000000
  0.00000000
  0.00000000
  0.00000000
  0.00000000
  0.00000000
  0.00000000
  0.00000000
  0.00000000
  0.00000000
  0.00000000
  0.00000000
  0.00000000
  0.00000000
  0.00000000
  0.00000000
  0.00000000
  0.00000000
  0.00000000
  0.00000000
  0.00000000
  0.00000000
  0.00000000
  0.00000000
  0.00000000
  0.00000000
  0.00000000
  0.00000000
  0.00000000
  0.00000000
  0.00000000
  0.00000000
  0.00000000
  0.00000000
  0.00000000
  0.00000000
  0.00000000
  0.00000000
  0.00000000
  0.00000000
  0.00000000
  0.00000000
  0.00000000
  0.00000000
  0.00000000
  0.00000000
  0.00000000
  0.00000000
  0.00000000
  0.00000000
  0.00000000
  0.00000000
  0.00000000
  0.00000000
  0.00000000
  0.00000000
  0.00000000
  0.00000000
  0.00000000
  0.00000000
  0.00000000
  0.00000000
  0.00000000
  0.00000000
  0.00000000
  0.00000000
  0.00000000
  0.00000000
  0.00000000
  0.00000000
  0.00000000
  0.00000000
  0.00000000
  0.00000000
  0.00000000
  0.00000000
  0.00000000
  0.00000000
  0.00000000
  0.00000000
  0.00000000
  0.00000000
  0.00000000
  0.00000000
  0.00000000
  0.00000000
  0.00000000
  0.00000000
  0.00000000
  0.00000000
  0.00000000
  0.00000000
  0.00000000
  0.00000000
  0.00000000
  0.00000000
  0.00000000
  0.00000000
  0.00000000
  0.00000000
  0.00000000
  0.00000000
  0.00000000
  0.00000000
  0.00000000
  0.00000000
  0.00000000
  0.00000000
  0.00000000
  0.00000000
  0.00000000
  0.00000000
  0.00000000
  0.00000000
  0.00000000
  0.00000000
  0.00000000
  0.00000000
  0.00000000
  0.00000000
  0.00000000
  0.00000000
  0.00000000
  0.00000000
  0.00000000
  0.00000000
  0.00000000
  0.00000000
  0.00000000
  0.00000000
  0.00000000
  0.00000000
  0.00000000
  0.00000000
  0.00000000
  0.00000000
  0.00000000
  0.00000000
  0.00000000
  0.00000000
  0.00000000
  0.00000000
  0.00000000
  0.00000000
  0.00000000
  0.00000000
  0.00000000
  0.00000000
  0.00000000
  0.00000000
  0.00000000
  0.00000000
  0.00000000
  0.00000000
  0.00000000
  0.00000000
  0.00000000
  0.00000000
  0.00000000
  0.00000000
  0.00000000
  0.00000000
  0.00000000
  0.00000000
  0.00000000
  0.00000000
  0.00000000
  0.00000000
  0.00000000
  0.00000000
  0.00000000
  0.00000000
  0.00000000
  0.00000000
  0.00000000
  0.00000000
  0.00000000
  0.00000000
  0.00000000
  0.00000000
  0.00000000
  0.00000000
  0.00000000
  0.00000000
  0.00000000
  0.00000000
  0.00000000
  0.00000000
