1 7
 7 1
2 17
 17 2
3 12
 12 3
3 4
 4 3
5 10
 10 5
6 9
 9 6
7 8
 8 7
7 15
 15 7
9 10
 10 9
9 13
 13 9
10 11
 11 10
11 44
 44 11
11 12
 12 11
12 21
 21 12
13 19
 19 13
14 15
 15 14
15 16
 16 15
16 17
 17 16
16 35
 35 16
17 32
 32 17
18 19
 19 18
19 20
 20 19
20 52
 52 20
20 23
 23 20
21 24
 24 21
21 22
 22 21
22 40
 40 22
23 45
 45 23
24 32
 32 24
25 26
 26 25
26 27
 27 26
26 29
 29 26
27 30
 30 27
27 31
 31 27
28 36
 36 28
28 29
 29 28
29 30
 30 29
30 37
 37 30
31 38
 38 31
32 42
 42 32
32 35
 35 32
33 41
 41 33
33 34
 34 33
33 35
 35 33
35 43
 43 35
36 39
 39 36
37 39
 39 37
38 39
 39 38
38 45
 45 38
39 48
 48 39
40 72
 72 40
41 47
 47 41
42 53
 53 42
43 55
 55 43
44 57
 57 44
45 50
 50 45
46 47
 47 46
47 61
 61 47
48 49
 49 48
48 51
 51 48
49 86
 86 49
50 65
 65 50
50 51
 51 50
51 121
 121 51
52 129
 129 52
53 54
 54 53
53 71
 71 53
54 55
 55 54
55 56
 56 55
55 60
 60 55
56 63
 63 56
57 58
 58 57
57 70
 70 57
58 82
 82 58
59 67
 67 59
60 63
 63 60
60 62
 62 60
61 64
 64 61
61 63
 63 61
62 68
 68 62
62 66
 66 62
63 69
 69 63
65 120
 120 65
65 125
 125 65
66 79
 79 66
67 88
 88 67
67 98
 98 67
68 90
 90 68
69 93
 93 69
70 81
 81 70
71 75
 75 71
72 74
 74 72
73 182
 182 73
74 76
 76 74
75 79
 79 75
76 77
 77 76
77 83
 83 77
77 78
 78 77
78 81
 81 78
79 83
 83 79
80 81
 81 80
80 82
 82 80
81 89
 89 81
82 95
 95 82
83 84
 84 83
83 85
 85 83
84 96
 96 84
85 94
 94 85
86 88
 88 86
87 147
 147 87
88 109
 109 88
89 91
 91 89
90 92
 92 90
90 93
 93 90
90 158
 158 90
91 96
 96 91
91 99
 99 91
92 94
 94 92
93 103
 103 93
94 96
 96 94
94 101
 101 94
95 131
 131 95
96 100
 100 96
97 102
 102 97
98 119
 119 98
99 142
 142 99
100 153
 153 100
101 124
 124 101
102 147
 147 102
102 116
 116 102
103 104
 104 103
104 105
 105 104
104 106
 106 104
104 107
 107 104
105 115
 115 105
107 108
 108 107
108 110
 110 108
108 111
 111 108
109 136
 136 109
109 137
 137 109
110 113
 113 110
110 114
 114 110
112 114
 114 112
113 115
 115 113
114 117
 117 114
115 156
 156 115
117 168
 168 117
118 155
 155 118
118 191
 191 118
118 119
 119 118
119 154
 154 119
120 123
 123 120
121 122
 122 121
122 141
 141 122
123 126
 126 123
124 150
 150 124
124 143
 143 124
125 130
 130 125
125 140
 140 125
126 144
 144 126
126 130
 130 126
127 129
 129 127
127 188
 188 127
127 133
 133 127
128 129
 129 128
128 132
 132 128
130 146
 146 130
131 133
 133 131
132 140
 140 132
133 216
 216 133
134 136
 136 134
134 135
 135 134
135 141
 141 135
136 137
 137 136
136 219
 219 136
137 138
 138 137
138 139
 139 138
138 199
 199 138
139 164
 164 139
140 145
 145 140
141 151
 151 141
142 152
 152 142
143 160
 160 143
144 148
 148 144
145 159
 159 145
146 271
 271 146
147 183
 183 147
148 149
 149 148
148 197
 197 148
149 198
 198 149
149 151
 151 149
150 153
 153 150
150 178
 178 150
151 266
 266 151
152 153
 153 152
152 165
 165 152
153 172
 172 153
154 190
 190 154
155 164
 164 155
155 191
 191 155
156 162
 162 156
156 158
 158 156
157 187
 187 157
157 252
 252 157
158 163
 163 158
159 188
 188 159
160 161
 161 160
160 169
 169 160
161 163
 163 161
162 163
 163 162
162 167
 167 162
163 166
 166 163
164 194
 194 164
165 170
 170 165
166 174
 174 166
166 167
 167 166
167 175
 175 167
168 171
 171 168
168 195
 195 168
168 175
 175 168
169 180
 180 169
169 173
 173 169
170 193
 193 170
172 189
 189 172
173 176
 176 173
174 180
 180 174
175 185
 185 175
176 177
 177 176
177 179
 179 177
178 181
 181 178
179 181
 181 179
180 186
 186 180
181 202
 202 181
181 189
 189 181
182 184
 184 182
183 184
 184 183
184 200
 200 184
185 195
 195 185
186 202
 202 186
186 223
 223 186
187 200
 200 187
188 196
 196 188
189 224
 224 189
189 210
 210 189
190 252
 252 190
190 333
 333 190
191 194
 194 191
191 206
 206 191
192 193
 193 192
192 209
 209 192
193 213
 213 193
194 199
 199 194
195 225
 225 195
196 220
 220 196
196 227
 227 196
197 273
 273 197
197 198
 198 197
198 287
 287 198
199 201
 201 199
200 242
 242 200
201 203
 203 201
201 204
 204 201
202 222
 222 202
203 208
 208 203
204 207
 207 204
205 265
 265 205
205 206
 206 205
205 231
 231 205
206 265
 265 206
207 208
 208 207
207 214
 214 207
208 217
 217 208
209 211
 211 209
209 213
 213 209
210 212
 212 210
211 216
 216 211
212 213
 213 212
213 280
 280 213
214 217
 217 214
214 215
 215 214
215 238
 238 215
216 218
 218 216
217 221
 221 217
218 226
 226 218
219 234
 234 219
220 233
 233 220
221 235
 235 221
221 230
 230 221
222 275
 275 222
223 281
 281 223
224 274
 274 224
225 268
 268 225
226 232
 232 226
226 228
 228 226
227 229
 229 227
228 229
 229 228
229 232
 232 229
229 233
 233 229
230 231
 231 230
231 243
 243 231
232 246
 246 232
233 245
 245 233
234 236
 236 234
234 237
 237 234
235 244
 244 235
236 240
 240 236
236 237
 237 236
237 239
 239 237
238 241
 241 238
238 239
 239 238
240 251
 251 240
241 253
 253 241
242 269
 269 242
243 244
 244 243
244 260
 260 244
245 248
 248 245
245 247
 247 245
246 249
 249 246
247 249
 249 247
248 250
 250 248
249 250
 250 249
249 254
 254 249
250 255
 255 250
251 256
 256 251
251 257
 257 251
252 269
 269 252
253 259
 259 253
254 294
 294 254
255 264
 264 255
256 257
 257 256
256 261
 261 256
257 258
 258 257
258 285
 285 258
258 262
 262 258
259 260
 260 259
259 261
 261 259
260 345
 345 260
262 266
 266 262
263 264
 264 263
263 317
 317 263
263 270
 270 263
265 320
 320 265
266 272
 272 266
267 268
 268 267
268 283
 283 268
269 333
 333 269
270 328
 328 270
270 278
 278 270
271 273
 273 271
271 278
 278 271
272 324
 324 272
272 292
 292 272
273 279
 279 273
274 304
 304 274
274 276
 276 274
274 277
 277 274
275 282
 282 275
275 277
 277 275
276 280
 280 276
279 288
 288 279
279 286
 286 279
280 291
 291 280
281 282
 282 281
281 283
 283 281
281 302
 302 281
282 305
 305 282
283 284
 284 283
284 301
 301 284
285 348
 348 285
286 288
 288 286
286 290
 290 286
287 293
 293 287
288 289
 289 288
289 306
 306 289
290 293
 293 290
291 300
 300 291
292 296
 296 292
293 295
 295 293
294 298
 298 294
294 300
 300 294
295 296
 296 295
295 299
 299 295
296 297
 297 296
297 324
 324 297
298 336
 336 298
298 316
 316 298
299 330
 330 299
300 318
 318 300
301 315
 315 301
301 302
 302 301
302 313
 313 302
302 305
 305 302
303 304
 304 303
303 305
 305 303
304 312
 312 304
304 309
 309 304
305 314
 314 305
306 326
 326 306
307 308
 308 307
307 319
 319 307
308 311
 311 308
309 310
 310 309
310 311
 311 310
312 321
 321 312
313 358
 358 313
314 356
 356 314
315 353
 353 315
316 317
 317 316
317 322
 322 317
318 349
 349 318
318 319
 319 318
320 370
 370 320
321 323
 323 321
321 398
 398 321
322 334
 334 322
322 327
 327 322
324 331
 331 324
324 332
 332 324
325 329
 329 325
325 413
 413 325
325 326
 326 325
326 344
 344 326
327 328
 328 327
327 397
 397 327
328 329
 329 328
329 379
 379 329
330 341
 341 330
331 338
 338 331
332 335
 335 332
333 347
 347 333
334 336
 336 334
335 337
 337 335
335 338
 338 335
336 339
 339 336
337 348
 348 337
338 340
 340 338
339 349
 349 339
339 373
 373 339
340 468
 468 340
340 341
 341 340
341 344
 344 341
341 467
 467 341
342 352
 352 342
342 343
 343 342
345 346
 346 345
345 374
 374 345
346 389
 389 346
347 354
 354 347
348 351
 351 348
349 372
 372 349
349 350
 350 349
350 352
 352 350
351 389
 389 351
351 430
 430 351
352 402
 402 352
353 362
 362 353
354 393
 393 354
355 361
 361 355
356 520
 520 356
356 357
 357 356
356 358
 358 356
357 400
 400 357
358 490
 490 358
358 359
 359 358
359 360
 360 359
359 378
 378 359
360 362
 362 360
361 363
 363 361
361 365
 365 361
362 363
 363 362
363 365
 365 363
364 365
 365 364
365 366
 366 365
366 377
 377 366
366 367
 367 366
368 369
 369 368
368 374
 374 368
369 370
 370 369
370 416
 416 370
370 371
 371 370
371 416
 416 371
372 408
 408 372
372 373
 373 372
373 411
 411 373
374 376
 376 374
374 375
 375 374
375 390
 390 375
376 391
 391 376
377 383
 383 377
378 387
 387 378
379 397
 397 379
379 462
 462 379
380 381
 381 380
381 383
 383 381
382 384
 384 382
382 385
 385 382
383 394
 394 383
383 385
 385 383
384 387
 387 384
386 392
 392 386
386 418
 418 386
386 389
 389 386
387 388
 388 387
388 492
 492 388
389 432
 432 389
390 395
 395 390
390 391
 391 390
391 392
 392 391
393 407
 407 393
394 399
 399 394
395 405
 405 395
396 405
 405 396
397 404
 404 397
398 401
 401 398
399 410
 410 399
400 403
 403 400
401 402
 402 401
401 403
 403 401
403 424
 424 403
403 406
 406 403
404 462
 462 404
404 414
 414 404
405 409
 409 405
406 463
 463 406
407 420
 420 407
408 440
 440 408
409 417
 417 409
409 431
 431 409
410 519
 519 410
410 415
 415 410
411 412
 412 411
412 593
 593 412
412 414
 414 412
413 456
 456 413
416 417
 417 416
417 421
 421 417
418 422
 422 418
419 420
 420 419
419 423
 423 419
420 425
 425 420
421 423
 423 421
422 434
 434 422
422 454
 454 422
423 426
 426 423
424 461
 461 424
425 426
 426 425
426 427
 427 426
427 428
 428 427
428 433
 433 428
429 437
 437 429
430 493
 493 430
431 433
 433 431
432 460
 460 432
433 436
 436 433
433 435
 435 433
434 465
 465 434
435 438
 438 435
436 444
 444 436
437 439
 439 437
438 439
 439 438
439 441
 441 439
440 443
 443 440
440 533
 533 440
441 442
 442 441
443 461
 461 443
444 445
 445 444
445 446
 446 445
445 447
 447 445
446 451
 451 446
447 457
 457 447
448 456
 456 448
448 503
 503 448
449 450
 450 449
449 453
 453 449
450 451
 451 450
450 452
 452 450
452 502
 502 452
453 455
 455 453
454 455
 455 454
455 458
 458 455
456 546
 546 456
458 459
 459 458
459 466
 466 459
460 476
 476 460
460 486
 486 460
461 464
 464 461
462 512
 512 462
463 522
 522 463
464 523
 523 464
465 469
 469 465
466 469
 469 466
467 468
 468 467
467 535
 535 467
468 534
 534 468
469 472
 472 469
469 470
 470 469
470 473
 473 470
471 474
 474 471
471 475
 475 471
472 483
 483 472
473 475
 475 473
474 476
 476 474
475 477
 477 475
476 478
 478 476
477 479
 479 477
478 481
 481 478
479 480
 480 479
480 481
 481 480
481 482
 482 481
481 484
 484 481
482 487
 487 482
483 498
 498 483
484 485
 485 484
485 491
 491 485
486 488
 488 486
487 488
 488 487
488 489
 489 488
489 496
 496 489
490 495
 495 490
491 505
 505 491
492 495
 495 492
493 528
 528 493
493 501
 501 493
493 557
 557 493
494 497
 497 494
494 501
 501 494
495 500
 500 495
495 499
 499 495
496 504
 504 496
497 505
 505 497
498 502
 502 498
499 506
 506 499
500 515
 515 500
501 508
 508 501
502 525
 525 502
503 555
 555 503
504 509
 509 504
505 510
 510 505
506 518
 518 506
507 523
 523 507
508 509
 509 508
509 514
 514 509
509 510
 510 509
511 521
 521 511
511 525
 525 511
512 587
 587 512
513 520
 520 513
513 522
 522 513
514 556
 556 514
515 516
 516 515
515 530
 530 515
515 519
 519 515
516 518
 518 516
517 520
 520 517
517 518
 518 517
518 527
 527 518
519 532
 532 519
522 538
 538 522
523 537
 537 523
524 525
 525 524
526 574
 574 526
527 531
 531 527
528 536
 536 528
529 533
 533 529
530 622
 622 530
531 540
 540 531
532 615
 615 532
533 565
 565 533
534 536
 536 534
534 535
 535 534
535 547
 547 535
536 563
 563 536
537 544
 544 537
537 550
 550 537
538 539
 539 538
538 541
 541 538
539 544
 544 539
539 594
 594 539
540 543
 543 540
541 542
 542 541
542 543
 543 542
543 545
 545 543
544 572
 572 544
545 551
 551 545
546 552
 552 546
547 548
 548 547
547 549
 549 547
548 592
 592 548
548 602
 602 548
549 554
 554 549
550 562
 562 550
550 575
 575 550
551 591
 591 551
552 553
 553 552
552 554
 554 552
553 577
 577 553
554 590
 590 554
555 576
 576 555
556 560
 560 556
557 564
 564 557
557 558
 558 557
558 570
 570 558
558 559
 559 558
559 560
 560 559
560 561
 561 560
561 567
 567 561
562 565
 565 562
563 564
 564 563
563 637
 637 563
565 568
 568 565
565 579
 579 565
566 568
 568 566
566 575
 575 566
567 569
 569 567
568 578
 578 568
569 570
 570 569
569 571
 571 569
571 573
 573 571
572 608
 608 572
572 624
 624 572
573 647
 647 573
574 651
 651 574
575 604
 604 575
576 580
 580 576
577 580
 580 577
578 606
 606 578
579 582
 582 579
580 581
 581 580
580 589
 589 580
581 584
 584 581
581 585
 585 581
582 583
 583 582
583 600
 600 583
583 606
 606 583
584 587
 587 584
585 586
 586 585
585 607
 607 585
586 589
 589 586
587 596
 596 587
588 589
 589 588
588 590
 590 588
589 657
 657 589
590 612
 612 590
591 598
 598 591
592 609
 609 592
592 602
 602 592
593 596
 596 593
593 595
 595 593
594 599
 599 594
595 597
 597 595
597 600
 600 597
597 677
 677 597
598 599
 599 598
598 603
 603 598
599 601
 601 599
601 610
 610 601
602 634
 634 602
603 611
 611 603
604 608
 608 604
604 658
 658 604
604 605
 605 604
605 606
 606 605
606 733
 733 606
607 656
 656 607
608 624
 624 608
609 612
 612 609
610 620
 620 610
611 613
 613 611
612 636
 636 612
613 618
 618 613
614 615
 615 614
615 621
 621 615
616 618
 618 616
616 620
 620 616
617 618
 618 617
617 623
 623 617
618 619
 619 618
619 626
 626 619
620 627
 627 620
621 631
 631 621
621 622
 622 621
622 623
 623 622
624 625
 625 624
624 671
 671 624
625 627
 627 625
626 628
 628 626
627 635
 635 627
627 629
 629 627
628 632
 632 628
629 633
 633 629
630 631
 631 630
631 646
 646 631
632 633
 633 632
633 641
 641 633
634 639
 639 634
635 640
 640 635
636 668
 668 636
637 642
 642 637
637 638
 638 637
637 655
 655 637
638 650
 650 638
639 659
 659 639
639 642
 642 639
640 643
 643 640
641 643
 643 641
643 644
 644 643
643 645
 645 643
644 670
 670 644
645 669
 669 645
646 688
 688 646
646 683
 683 646
647 648
 648 647
648 649
 649 648
648 651
 651 648
648 652
 652 648
649 650
 650 649
650 654
 654 650
652 653
 653 652
653 660
 660 653
654 661
 661 654
655 666
 666 655
656 681
 681 656
657 691
 691 657
658 672
 672 658
658 663
 663 658
659 665
 665 659
659 668
 668 659
660 662
 662 660
661 662
 662 661
662 664
 664 662
664 694
 694 664
665 666
 666 665
665 667
 667 665
666 758
 758 666
667 706
 706 667
668 680
 680 668
669 689
 689 669
670 685
 685 670
671 673
 673 671
672 753
 753 672
673 674
 674 673
674 675
 675 674
675 684
 684 675
676 678
 678 676
677 704
 704 677
677 678
 678 677
678 681
 681 678
678 705
 705 678
679 680
 680 679
679 691
 691 679
680 724
 724 680
681 702
 702 681
682 683
 683 682
683 688
 688 683
683 693
 693 683
684 687
 687 684
685 687
 687 685
686 688
 688 686
686 689
 689 686
687 690
 690 687
688 692
 692 688
689 714
 714 689
690 696
 696 690
691 722
 722 691
692 744
 744 692
693 762
 762 693
694 700
 700 694
695 699
 699 695
696 703
 703 696
697 698
 698 697
697 734
 734 697
698 700
 700 698
699 700
 700 699
700 701
 701 700
701 726
 726 701
702 707
 707 702
702 710
 710 702
703 709
 709 703
704 705
 705 704
704 717
 717 704
705 710
 710 705
706 712
 712 706
707 715
 715 707
708 716
 716 708
708 709
 709 708
709 713
 713 709
710 718
 718 710
710 711
 711 710
711 715
 715 711
712 721
 721 712
713 763
 763 713
714 754
 754 714
714 716
 716 714
715 719
 719 715
717 727
 727 717
718 732
 732 718
719 720
 720 719
720 725
 725 720
721 783
 783 721
722 740
 740 722
722 723
 723 722
723 724
 724 723
724 793
 793 724
725 736
 736 725
726 729
 729 726
727 728
 728 727
727 732
 732 727
728 731
 731 728
729 738
 738 729
729 734
 734 729
730 731
 731 730
730 733
 733 730
731 752
 752 731
732 735
 735 732
732 741
 741 732
733 755
 755 733
734 746
 746 734
735 736
 736 735
736 737
 737 736
736 739
 739 736
737 740
 740 737
738 799
 799 738
739 742
 742 739
740 784
 784 740
741 745
 745 741
742 743
 743 742
743 747
 747 743
744 748
 748 744
745 747
 747 745
746 789
 789 746
746 751
 751 746
747 749
 749 747
748 750
 750 748
749 785
 785 749
750 786
 786 750
751 758
 758 751
752 794
 794 752
753 756
 756 753
754 779
 779 754
754 780
 780 754
755 795
 795 755
755 759
 759 755
756 757
 757 756
756 765
 765 756
757 760
 760 757
758 767
 767 758
759 760
 760 759
760 774
 774 760
761 762
 762 761
762 788
 788 762
763 769
 769 763
764 778
 778 764
764 766
 766 764
765 768
 768 765
765 766
 766 765
767 820
 820 767
767 781
 781 767
768 770
 770 768
769 771
 771 769
770 771
 771 770
771 772
 772 771
771 773
 773 771
772 777
 777 772
773 810
 810 773
774 776
 776 774
775 776
 776 775
775 782
 782 775
776 777
 777 776
778 779
 779 778
779 787
 787 779
779 780
 780 779
780 786
 786 780
780 806
 806 780
781 783
 783 781
781 819
 819 781
782 797
 797 782
783 792
 792 783
784 814
 814 784
785 811
 811 785
786 790
 790 786
786 807
 807 786
787 805
 805 787
788 860
 860 788
788 791
 791 788
789 808
 808 789
790 791
 791 790
791 879
 879 791
792 804
 804 792
793 804
 804 793
793 813
 813 793
794 796
 796 794
795 812
 812 795
796 812
 812 796
797 825
 825 797
798 801
 801 798
799 802
 802 799
800 809
 809 800
800 802
 802 800
801 802
 802 801
802 803
 803 802
803 822
 822 803
804 813
 813 804
804 823
 823 804
805 837
 837 805
806 853
 853 806
807 859
 859 807
808 809
 809 808
808 821
 821 808
810 837
 837 810
811 842
 842 811
811 817
 817 811
812 824
 824 812
813 827
 827 813
813 823
 823 813
814 838
 838 814
814 815
 815 814
815 816
 816 815
815 885
 885 815
816 886
 886 816
817 818
 818 817
818 840
 840 818
818 843
 843 818
819 872
 872 819
820 832
 832 820
821 832
 832 821
822 939
 939 822
823 863
 863 823
824 826
 826 824
825 826
 826 825
826 828
 828 826
826 829
 829 826
827 838
 838 827
828 833
 833 828
829 830
 830 829
830 960
 960 830
830 831
 831 830
831 841
 841 831
832 874
 874 832
833 834
 834 833
834 835
 835 834
834 836
 836 834
835 869
 869 835
836 969
 969 836
837 841
 841 837
837 839
 839 837
838 867
 867 838
838 878
 878 838
839 841
 841 839
839 849
 849 839
840 847
 847 840
841 946
 946 841
842 844
 844 842
843 907
 907 843
843 852
 852 843
844 845
 845 844
844 846
 846 844
845 905
 905 845
846 858
 858 846
847 851
 851 847
847 862
 862 847
848 849
 849 848
848 850
 850 848
849 973
 973 849
850 853
 853 850
851 852
 852 851
852 866
 866 852
852 909
 909 852
853 865
 865 853
853 854
 854 853
854 901
 901 854
855 856
 856 855
856 857
 857 856
857 860
 860 857
858 861
 861 858
858 871
 871 858
859 865
 865 859
860 875
 875 860
861 862
 862 861
862 864
 864 862
863 889
 889 863
863 893
 893 863
864 912
 912 864
864 876
 876 864
865 877
 877 865
866 912
 912 866
867 868
 868 867
867 878
 878 867
867 919
 919 867
868 890
 890 868
869 881
 881 869
870 872
 872 870
870 893
 893 870
871 873
 873 871
872 966
 966 872
872 895
 895 872
873 876
 876 873
874 880
 880 874
874 884
 884 874
875 899
 899 875
877 882
 882 877
877 891
 891 877
878 885
 885 878
879 899
 899 879
880 887
 887 880
881 883
 883 881
881 902
 902 881
882 898
 898 882
882 901
 901 882
883 907
 907 883
884 897
 897 884
885 888
 888 885
886 892
 892 886
887 896
 896 887
888 908
 908 888
889 890
 890 889
889 903
 903 889
889 893
 893 889
890 903
 903 890
891 900
 900 891
893 904
 904 893
894 896
 896 894
894 937
 937 894
895 897
 897 895
896 897
 897 896
896 929
 929 896
897 931
 931 897
898 910
 910 898
899 1047
 1047 899
899 900
 900 899
901 913
 913 901
901 906
 906 901
902 916
 916 902
903 904
 904 903
903 920
 920 903
904 922
 922 904
905 911
 911 905
906 910
 910 906
907 909
 909 907
907 918
 918 907
908 911
 911 908
909 925
 925 909
910 971
 971 910
911 914
 914 911
911 915
 915 911
912 928
 928 912
913 957
 957 913
914 917
 917 914
915 921
 921 915
916 923
 923 916
917 928
 928 917
918 923
 923 918
919 977
 977 919
920 927
 927 920
921 932
 932 921
922 927
 927 922
923 924
 924 923
923 926
 926 923
924 959
 959 924
925 928
 928 925
926 935
 935 926
927 986
 986 927
928 930
 930 928
929 931
 931 929
930 952
 952 930
930 933
 933 930
930 934
 934 930
931 963
 963 931
932 961
 961 932
933 947
 947 933
934 936
 936 934
935 938
 938 935
936 938
 938 936
937 944
 944 937
938 940
 940 938
938 942
 942 938
939 943
 943 939
940 959
 959 940
941 979
 979 941
941 943
 943 941
942 950
 950 942
943 944
 944 943
943 945
 945 943
945 997
 997 945
946 958
 958 946
947 949
 949 947
948 949
 949 948
948 951
 951 948
949 953
 953 949
949 950
 950 949
951 955
 955 951
952 954
 954 952
953 1021
 1021 953
954 955
 955 954
955 956
 956 955
956 967
 967 956
957 970
 970 957
958 960
 960 958
958 972
 972 958
959 1012
 1012 959
959 991
 991 959
960 968
 968 960
961 977
 977 961
961 962
 962 961
962 965
 965 962
963 964
 964 963
964 982
 982 964
965 974
 974 965
966 981
 981 966
967 974
 974 967
968 983
 983 968
969 983
 983 969
970 1022
 1022 970
971 1077
 1077 971
972 1005
 1005 972
973 1022
 1022 973
974 976
 976 974
974 975
 975 974
975 1081
 1081 975
976 1036
 1036 976
977 993
 993 977
978 979
 979 978
979 990
 990 979
980 989
 989 980
980 982
 982 980
981 985
 985 981
981 1006
 1006 981
981 1007
 1007 981
982 988
 988 982
982 1020
 1020 982
983 984
 984 983
984 991
 991 984
985 1018
 1018 985
985 989
 989 985
986 1032
 1032 986
987 992
 992 987
987 988
 988 987
989 1014
 1014 989
990 1052
 1052 990
990 1015
 1015 990
991 1009
 1009 991
991 995
 995 991
992 1004
 1004 992
992 996
 996 992
993 1027
 1027 993
993 1003
 1003 993
994 1005
 1005 994
994 1023
 1023 994
995 1059
 1059 995
996 998
 998 996
997 999
 999 997
998 999
 999 998
999 1000
 1000 999
999 1001
 1001 999
1000 1051
 1051 1000
1001 1050
 1050 1001
1002 1003
 1003 1002
1002 1029
 1029 1002
1003 1027
 1027 1003
1004 1008
 1008 1004
1005 1059
 1059 1005
1005 1142
 1142 1005
1006 1035
 1035 1006
1006 1007
 1007 1006
1007 1018
 1018 1007
1007 1042
 1042 1007
1008 1033
 1033 1008
1009 1013
 1013 1009
1010 1025
 1025 1010
1010 1011
 1011 1010
1011 1013
 1013 1011
1012 1025
 1025 1012
1013 1202
 1202 1013
1014 1017
 1017 1014
1014 1019
 1019 1014
1015 1016
 1016 1015
1015 1053
 1053 1015
1017 1020
 1020 1017
1018 1019
 1019 1018
1018 1041
 1041 1018
1019 1045
 1045 1019
1020 1147
 1147 1020
1021 1024
 1024 1021
1021 1074
 1074 1021
1021 1046
 1046 1021
1022 1026
 1026 1022
1022 1023
 1023 1022
1023 1186
 1186 1023
1024 1025
 1025 1024
1026 1211
 1211 1026
1026 1077
 1077 1026
1027 1028
 1028 1027
1028 1030
 1030 1028
1029 1031
 1031 1029
1030 1034
 1034 1030
1030 1055
 1055 1030
1031 1060
 1060 1031
1032 1060
 1060 1032
1032 1037
 1037 1032
1033 1071
 1071 1033
1034 1043
 1043 1034
1035 1040
 1040 1035
1036 1043
 1043 1036
1037 1038
 1038 1037
1038 1040
 1040 1038
1039 1057
 1057 1039
1039 1044
 1044 1039
1041 1087
 1087 1041
1042 1138
 1138 1042
1043 1049
 1049 1043
1043 1054
 1054 1043
1044 1047
 1047 1044
1044 1061
 1061 1044
1045 1087
 1087 1045
1046 1085
 1085 1046
1047 1048
 1048 1047
1047 1061
 1061 1047
1048 1077
 1077 1048
1049 1064
 1064 1049
1050 1058
 1058 1050
1051 1063
 1063 1051
1052 1062
 1062 1052
1053 1095
 1095 1053
1054 1139
 1139 1054
1055 1056
 1056 1055
1055 1069
 1069 1055
1056 1066
 1066 1056
1058 1067
 1067 1058
1059 1142
 1142 1059
1060 1100
 1100 1060
1060 1070
 1070 1060
1061 1093
 1093 1061
1062 1068
 1068 1062
1063 1068
 1068 1063
1064 1066
 1066 1064
1065 1067
 1067 1065
1065 1068
 1068 1065
1066 1076
 1076 1066
1067 1075
 1075 1067
1068 1092
 1092 1068
1069 1079
 1079 1069
1069 1108
 1108 1069
1070 1079
 1079 1070
1071 1072
 1072 1071
1072 1073
 1073 1072
1072 1131
 1131 1072
1073 1080
 1080 1073
1074 1305
 1305 1074
1075 1078
 1078 1075
1076 1109
 1109 1076
1077 1130
 1130 1077
1078 1083
 1083 1078
1079 1116
 1116 1079
1080 1082
 1082 1080
1081 1088
 1088 1081
1081 1107
 1107 1081
1082 1083
 1083 1082
1083 1084
 1084 1083
1084 1086
 1086 1084
1085 1088
 1088 1085
1085 1310
 1310 1085
1086 1094
 1094 1086
1087 1140
 1140 1087
1088 1107
 1107 1088
1089 1090
 1090 1089
1089 1091
 1091 1089
1090 1099
 1099 1090
1091 1092
 1092 1091
1092 1097
 1097 1092
1093 1105
 1105 1093
1093 1118
 1118 1093
1094 1098
 1098 1094
1095 1096
 1096 1095
1095 1143
 1143 1095
1096 1099
 1099 1096
1096 1155
 1155 1096
1097 1101
 1101 1097
1097 1151
 1151 1097
1098 1104
 1104 1098
1099 1152
 1152 1099
1100 1102
 1102 1100
1101 1103
 1103 1101
1102 1138
 1138 1102
1103 1104
 1104 1103
1104 1106
 1106 1104
1105 1201
 1201 1105
1106 1115
 1115 1106
1107 1354
 1354 1107
1107 1163
 1163 1107
1108 1110
 1110 1108
1109 1110
 1110 1109
1110 1113
 1113 1110
1110 1111
 1111 1110
1111 1112
 1112 1111
1111 1113
 1113 1111
1112 1132
 1132 1112
1113 1114
 1114 1113
1114 1119
 1119 1114
1115 1120
 1120 1115
1116 1129
 1129 1116
1117 1133
 1133 1117
1117 1135
 1135 1117
1118 1130
 1130 1118
1119 1122
 1122 1119
1120 1121
 1121 1120
1121 1136
 1136 1121
1121 1125
 1125 1121
1122 1123
 1123 1122
1122 1124
 1124 1122
1123 1127
 1127 1123
1124 1126
 1126 1124
1125 1157
 1157 1125
1126 1137
 1137 1126
1126 1132
 1132 1126
1127 1148
 1148 1127
1128 1129
 1129 1128
1128 1141
 1141 1128
1129 1145
 1145 1129
1129 1133
 1133 1129
1130 1149
 1149 1130
1131 1150
 1150 1131
1132 1198
 1198 1132
1132 1173
 1173 1132
1133 1180
 1180 1133
1133 1134
 1134 1133
1134 1135
 1135 1134
1135 1159
 1159 1135
1136 1182
 1182 1136
1137 1141
 1141 1137
1138 1161
 1161 1138
1138 1140
 1140 1138
1139 1166
 1166 1139
1140 1146
 1146 1140
1141 1153
 1153 1141
1142 1193
 1193 1142
1143 1155
 1155 1143
1143 1164
 1164 1143
1144 1165
 1165 1144
1145 1154
 1154 1145
1146 1217
 1217 1146
1146 1147
 1147 1146
1147 1150
 1150 1147
1147 1223
 1223 1147
1148 1154
 1154 1148
1149 1209
 1209 1149
1149 1197
 1197 1149
1150 1168
 1168 1150
1150 1156
 1156 1150
1151 1152
 1152 1151
1151 1195
 1195 1151
1152 1224
 1224 1152
1152 1155
 1155 1152
1153 1177
 1177 1153
1153 1205
 1205 1153
1154 1160
 1160 1154
1154 1158
 1158 1154
1156 1191
 1191 1156
1157 1170
 1170 1157
1158 1178
 1178 1158
1159 1162
 1162 1159
1159 1165
 1165 1159
1160 1167
 1167 1160
1161 1162
 1162 1161
1162 1249
 1249 1162
1163 1169
 1169 1163
1164 1216
 1216 1164
1164 1196
 1196 1164
1165 1212
 1212 1165
1166 1169
 1169 1166
1167 1177
 1177 1167
1167 1179
 1179 1167
1168 1172
 1172 1168
1169 1176
 1176 1169
1169 1174
 1174 1169
1170 1171
 1171 1170
1171 1172
 1172 1171
1172 1175
 1175 1172
1173 1174
 1174 1173
1174 1181
 1181 1174
1175 1241
 1241 1175
1176 1184
 1184 1176
1176 1181
 1181 1176
1177 1204
 1204 1177
1177 1185
 1185 1177
1178 1183
 1183 1178
1179 1180
 1180 1179
1180 1208
 1208 1180
1180 1185
 1185 1180
1181 1199
 1199 1181
1182 1187
 1187 1182
1183 1192
 1192 1183
1184 1210
 1210 1184
1184 1213
 1213 1184
1185 1200
 1200 1185
1186 1231
 1231 1186
1187 1194
 1194 1187
1187 1188
 1188 1187
1187 1190
 1190 1187
1188 1189
 1189 1188
1189 1195
 1195 1189
1190 1191
 1191 1190
1191 1215
 1215 1191
1192 1206
 1206 1192
1193 1203
 1203 1193
1194 1236
 1236 1194
1195 1246
 1246 1195
1196 1216
 1216 1196
1196 1224
 1224 1196
1197 1207
 1207 1197
1198 1205
 1205 1198
1199 1296
 1296 1199
1200 1226
 1226 1200
1201 1222
 1222 1201
1201 1207
 1207 1201
1202 1214
 1214 1202
1202 1221
 1221 1202
1203 1251
 1251 1203
1203 1239
 1239 1203
1204 1227
 1227 1204
1204 1205
 1205 1204
1205 1228
 1228 1205
1206 1229
 1229 1206
1207 1309
 1309 1207
1208 1218
 1218 1208
1209 1268
 1268 1209
1210 1348
 1348 1210
1211 1270
 1270 1211
1212 1218
 1218 1212
1213 1347
 1347 1213
1214 1219
 1219 1214
1214 1535
 1535 1214
1215 1243
 1243 1215
1216 1317
 1317 1216
1217 1253
 1253 1217
1217 1230
 1230 1217
1217 1223
 1223 1217
1218 1247
 1247 1218
1219 1239
 1239 1219
1220 1222
 1222 1220
1221 1237
 1237 1221
1222 1413
 1413 1222
1223 1240
 1240 1223
1223 1253
 1253 1223
1224 1232
 1232 1224
1225 1226
 1226 1225
1225 1227
 1227 1225
1226 1233
 1233 1226
1227 1228
 1228 1227
1227 1281
 1281 1227
1228 1279
 1279 1228
1229 1235
 1235 1229
1230 1252
 1252 1230
1231 1266
 1266 1231
1231 1254
 1254 1231
1232 1313
 1313 1232
1232 1234
 1234 1232
1233 1235
 1235 1233
1234 1258
 1258 1234
1234 1300
 1300 1234
1235 1248
 1248 1235
1235 1238
 1238 1235
1236 1242
 1242 1236
1237 1256
 1256 1237
1237 1271
 1271 1237
1238 1247
 1247 1238
1239 1265
 1265 1239
1239 1251
 1251 1239
1240 1262
 1262 1240
1241 1257
 1257 1241
1242 1244
 1244 1242
1242 1255
 1255 1242
1243 1244
 1244 1243
1245 1250
 1250 1245
1245 1246
 1246 1245
1246 1273
 1273 1246
1247 1249
 1249 1247
1248 1274
 1274 1248
1249 1297
 1297 1249
1249 1252
 1252 1249
1250 1260
 1260 1250
1251 1285
 1285 1251
1251 1254
 1254 1251
1252 1322
 1322 1252
1253 1327
 1327 1253
1254 1266
 1266 1254
1255 1301
 1301 1255
1256 1305
 1305 1256
1257 1263
 1263 1257
1258 1259
 1259 1258
1259 1260
 1260 1259
1259 1261
 1261 1259
1261 1272
 1272 1261
1262 1263
 1263 1262
1263 1264
 1264 1263
1264 1283
 1283 1264
1265 1284
 1284 1265
1266 1267
 1267 1266
1266 1278
 1278 1266
1267 1270
 1270 1267
1268 1275
 1275 1268
1268 1269
 1269 1268
1268 1493
 1493 1268
1269 1443
 1443 1269
1269 1270
 1270 1269
1271 1435
 1435 1271
1272 1276
 1276 1272
1273 1282
 1282 1273
1274 1286
 1286 1274
1275 1309
 1309 1275
1276 1282
 1282 1276
1276 1277
 1277 1276
1277 1320
 1320 1277
1277 1300
 1300 1277
1278 1291
 1291 1278
1279 1280
 1280 1279
1279 1281
 1281 1279
1279 1344
 1344 1279
1280 1295
 1295 1280
1281 1345
 1345 1281
1281 1293
 1293 1281
1282 1315
 1315 1282
1283 1292
 1292 1283
1284 1287
 1287 1284
1285 1287
 1287 1285
1286 1288
 1288 1286
1286 1303
 1303 1286
1287 1289
 1289 1287
1287 1540
 1540 1287
1288 1302
 1302 1288
1289 1290
 1290 1289
1290 1291
 1291 1290
1291 1403
 1403 1291
1292 1298
 1298 1292
1292 1294
 1294 1292
1293 1333
 1333 1293
1294 1314
 1314 1294
1295 1299
 1299 1295
1295 1311
 1311 1295
1296 1299
 1299 1296
1297 1304
 1304 1297
1298 1325
 1325 1298
1299 1311
 1311 1299
1300 1313
 1313 1300
1300 1356
 1356 1300
1301 1316
 1316 1301
1302 1304
 1304 1302
1303 1323
 1323 1303
1304 1312
 1312 1304
1304 1306
 1306 1304
1305 1308
 1308 1305
1306 1324
 1324 1306
1307 1308
 1308 1307
1307 1310
 1310 1307
1308 1437
 1437 1308
1309 1408
 1408 1309
1310 1354
 1354 1310
1311 1366
 1366 1311
1311 1342
 1342 1311
1312 1433
 1433 1312
1313 1358
 1358 1313
1313 1319
 1319 1313
1315 1316
 1316 1315
1316 1321
 1321 1316
1317 1318
 1318 1317
1318 1361
 1361 1318
1318 1319
 1319 1318
1320 1359
 1359 1320
1321 1368
 1368 1321
1322 1329
 1329 1322
1323 1340
 1340 1323
1324 1330
 1330 1324
1325 1338
 1338 1325
1326 1328
 1328 1326
1326 1330
 1330 1326
1327 1335
 1335 1327
1328 1329
 1329 1328
1329 1336
 1336 1329
1329 1331
 1331 1329
1330 1350
 1350 1330
1331 1332
 1332 1331
1332 1334
 1334 1332
1333 1340
 1340 1333
1334 1335
 1335 1334
1335 1337
 1337 1335
1336 1432
 1432 1336
1337 1346
 1346 1337
1338 1339
 1339 1338
1338 1349
 1349 1338
1338 1341
 1341 1338
1339 1370
 1370 1339
1340 1352
 1352 1340
1341 1346
 1346 1341
1342 1344
 1344 1342
1343 1344
 1344 1343
1343 1351
 1351 1343
1344 1357
 1357 1344
1345 1367
 1367 1345
1347 1348
 1348 1347
1347 1381
 1381 1347
1348 1353
 1353 1348
1348 1439
 1439 1348
1349 1400
 1400 1349
1350 1430
 1430 1350
1351 1362
 1362 1351
1352 1399
 1399 1352
1353 1354
 1354 1353
1353 1438
 1438 1353
1355 1361
 1361 1355
1355 1358
 1358 1355
1356 1371
 1371 1356
1356 1358
 1358 1356
1356 1359
 1359 1356
1357 1364
 1364 1357
1358 1377
 1377 1358
1360 1361
 1361 1360
1361 1369
 1369 1361
1362 1363
 1363 1362
1363 1367
 1367 1363
1364 1365
 1365 1364
1365 1366
 1366 1365
1366 1392
 1392 1366
1367 1402
 1402 1367
1368 1372
 1372 1368
1369 1383
 1383 1369
1369 1375
 1375 1369
1370 1384
 1384 1370
1371 1378
 1378 1371
1372 1373
 1373 1372
1372 1374
 1374 1372
1373 1382
 1382 1373
1374 1379
 1379 1374
1375 1394
 1394 1375
1375 1380
 1380 1375
1376 1378
 1378 1376
1376 1386
 1386 1376
1377 1378
 1378 1377
1377 1380
 1380 1377
1379 1384
 1384 1379
1380 1419
 1419 1380
1381 1387
 1387 1381
1382 1385
 1385 1382
1383 1424
 1424 1383
1383 1396
 1396 1383
1384 1389
 1389 1384
1385 1388
 1388 1385
1386 1388
 1388 1386
1387 1392
 1392 1387
1387 1428
 1428 1387
1388 1390
 1390 1388
1388 1391
 1391 1388
1389 1401
 1401 1389
1390 1395
 1395 1390
1391 1393
 1393 1391
1392 1407
 1407 1392
1393 1502
 1502 1393
1394 1398
 1398 1394
1395 1406
 1406 1395
1396 1397
 1397 1396
1397 1478
 1478 1397
1397 1398
 1398 1397
1398 1419
 1419 1398
1399 1404
 1404 1399
1400 1410
 1410 1400
1401 1405
 1405 1401
1402 1404
 1404 1402
1403 1511
 1511 1403
1404 1415
 1415 1404
1404 1421
 1421 1404
1405 1418
 1418 1405
1405 1412
 1412 1405
1405 1406
 1406 1405
1407 1414
 1414 1407
1408 1538
 1538 1408
1408 1413
 1413 1408
1409 1410
 1410 1409
1409 1412
 1412 1409
1410 1411
 1411 1410
1411 1417
 1417 1411
1413 1416
 1416 1413
1414 1425
 1425 1414
1414 1423
 1423 1414
1415 1433
 1433 1415
1416 1537
 1537 1416
1416 1420
 1420 1416
1417 1477
 1477 1417
1417 1422
 1422 1417
1418 1490
 1490 1418
1419 1475
 1475 1419
1421 1447
 1447 1421
1422 1461
 1461 1422
1423 1426
 1426 1423
1424 1476
 1476 1424
1425 1458
 1458 1425
1425 1427
 1427 1425
1426 1441
 1441 1426
1426 1427
 1427 1426
1426 1428
 1428 1426
1428 1429
 1429 1428
1429 1436
 1436 1429
1429 1509
 1509 1429
1430 1433
 1433 1430
1430 1452
 1452 1430
1430 1431
 1431 1430
1432 1442
 1442 1432
1433 1444
 1444 1433
1434 1445
 1445 1434
1435 1527
 1527 1435
1436 1440
 1440 1436
1437 1566
 1566 1437
1438 1454
 1454 1438
1439 1456
 1456 1439
1440 1481
 1481 1440
1441 1534
 1534 1441
1442 1446
 1446 1442
1443 1503
 1503 1443
1444 1449
 1449 1444
1445 1446
 1446 1445
1446 1451
 1451 1446
1446 1459
 1459 1446
1447 1457
 1457 1447
1448 1464
 1464 1448
1448 1449
 1449 1448
1449 1450
 1450 1449
1449 1453
 1453 1449
1450 1460
 1460 1450
1451 1462
 1462 1451
1452 1463
 1463 1452
1453 1543
 1543 1453
1454 1480
 1480 1454
1454 1455
 1455 1454
1455 1474
 1474 1455
1456 1474
 1474 1456
1456 1469
 1469 1456
1457 1458
 1458 1457
1457 1460
 1460 1457
1457 1466
 1466 1457
1459 1467
 1467 1459
1461 1468
 1468 1461
1462 1463
 1463 1462
1463 1464
 1464 1463
1463 1465
 1465 1463
1465 1528
 1528 1465
1466 1547
 1547 1466
1467 1473
 1473 1467
1468 1483
 1483 1468
1468 1470
 1470 1468
1468 1471
 1471 1468
1469 1481
 1481 1469
1469 1571
 1571 1469
1470 1489
 1489 1470
1471 1472
 1472 1471
1472 1473
 1473 1472
1473 1479
 1479 1473
1474 1575
 1575 1474
1475 1496
 1496 1475
1475 1478
 1478 1475
1476 1485
 1485 1476
1477 1487
 1487 1477
1479 1586
 1586 1479
1480 1569
 1569 1480
1481 1491
 1491 1481
1482 1484
 1484 1482
1483 1580
 1580 1483
1484 1485
 1485 1484
1485 1488
 1488 1485
1485 1486
 1486 1485
1486 1514
 1514 1486
1487 1489
 1489 1487
1487 1492
 1492 1487
1488 1578
 1578 1488
1490 1494
 1494 1490
1491 1522
 1522 1491
1491 1572
 1572 1491
1492 1507
 1507 1492
1493 1531
 1531 1493
1494 1497
 1497 1494
1494 1501
 1501 1494
1495 1497
 1497 1495
1495 1499
 1499 1495
1496 1513
 1513 1496
1497 1505
 1505 1497
1498 1508
 1508 1498
1498 1499
 1499 1498
1498 1500
 1500 1498
1500 1521
 1521 1500
1501 1504
 1504 1501
1502 1516
 1516 1502
1503 1510
 1510 1503
1503 1531
 1531 1503
1504 1506
 1506 1504
1505 1523
 1523 1505
1506 1520
 1520 1506
1506 1507
 1507 1506
1508 1524
 1524 1508
1509 1560
 1560 1509
1509 1522
 1522 1509
1509 1532
 1532 1509
1510 1518
 1518 1510
1511 1568
 1568 1511
1511 1542
 1542 1511
1511 1518
 1518 1511
1512 1513
 1513 1512
1512 1515
 1515 1512
1513 1514
 1514 1513
1513 1526
 1526 1513
1515 1517
 1517 1515
1516 1525
 1525 1516
1516 1517
 1517 1516
1516 1519
 1519 1516
1518 1568
 1568 1518
1519 1521
 1521 1519
1520 1561
 1561 1520
1523 1563
 1563 1523
1523 1524
 1524 1523
1523 1559
 1559 1523
1524 1604
 1604 1524
1525 1546
 1546 1525
1526 1557
 1557 1526
1527 1530
 1530 1527
1528 1614
 1614 1528
1528 1543
 1543 1528
1529 1530
 1530 1529
1529 1535
 1535 1529
1530 1587
 1587 1530
1531 1533
 1533 1531
1532 1534
 1534 1532
1533 1544
 1544 1533
1533 1548
 1548 1533
1534 1553
 1553 1534
1535 1539
 1539 1535
1535 1588
 1588 1535
1536 1537
 1537 1536
1537 1538
 1538 1537
1537 1718
 1718 1537
1538 1541
 1541 1538
1539 1540
 1540 1539
1540 1590
 1590 1540
1540 1542
 1542 1540
1541 1545
 1545 1541
1541 1589
 1589 1541
1543 1606
 1606 1543
1543 1550
 1550 1543
1544 1545
 1545 1544
1546 1549
 1549 1546
1547 1552
 1552 1547
1548 1577
 1577 1548
1549 1555
 1555 1549
1549 1551
 1551 1549
1550 1552
 1552 1550
1551 1558
 1558 1551
1552 1554
 1554 1552
1552 1556
 1556 1552
1553 1560
 1560 1553
1554 1593
 1593 1554
1555 1564
 1564 1555
1556 1585
 1585 1556
1557 1596
 1596 1557
1557 1558
 1558 1557
1559 1638
 1638 1559
1560 1562
 1562 1560
1561 1565
 1565 1561
1562 1579
 1579 1562
1563 1565
 1565 1563
1564 1603
 1603 1564
1565 1567
 1567 1565
1566 1582
 1582 1566
1567 1576
 1576 1567
1568 1601
 1601 1568
1568 1602
 1602 1568
1569 1584
 1584 1569
1569 1570
 1570 1569
1569 1626
 1626 1569
1570 1575
 1575 1570
1571 1625
 1625 1571
1571 1572
 1572 1571
1571 1575
 1575 1571
1572 1676
 1676 1572
1572 1573
 1573 1572
1573 1574
 1574 1573
1574 1579
 1579 1574
1575 1628
 1628 1575
1576 1624
 1624 1576
1577 1715
 1715 1577
1578 1698
 1698 1578
1578 1596
 1596 1578
1579 1581
 1581 1579
1579 1597
 1597 1579
1580 1595
 1595 1580
1580 1583
 1583 1580
1581 1605
 1605 1581
1582 1584
 1584 1582
1582 1587
 1587 1582
1582 1613
 1613 1582
1583 1655
 1655 1583
1583 1607
 1607 1583
1585 1594
 1594 1585
1586 1608
 1608 1586
1588 1819
 1819 1588
1589 1734
 1734 1589
1590 1754
 1754 1590
1591 1592
 1592 1591
1591 1597
 1597 1591
1592 1593
 1593 1592
1594 1620
 1620 1594
1594 1599
 1599 1594
1595 1619
 1619 1595
1595 1653
 1653 1595
1596 1697
 1697 1596
1596 1598
 1598 1596
1598 1600
 1600 1598
1599 1621
 1621 1599
1600 1618
 1618 1600
1600 1644
 1644 1600
1601 1729
 1729 1601
1602 1615
 1615 1602
1603 1616
 1616 1603
1604 1622
 1622 1604
1605 1694
 1694 1605
1606 1674
 1674 1606
1606 1621
 1621 1606
1606 1614
 1614 1606
1607 1608
 1608 1607
1608 1612
 1612 1608
1609 1610
 1610 1609
1609 1614
 1614 1609
1610 1611
 1611 1610
1610 1623
 1623 1610
1611 1612
 1612 1611
1613 1646
 1646 1613
1613 1647
 1647 1613
1614 1672
 1672 1614
1615 1721
 1721 1615
1616 1617
 1617 1616
1616 1622
 1622 1616
1617 1618
 1618 1617
1618 1648
 1648 1618
1619 1632
 1632 1619
1620 1650
 1650 1620
1621 1664
 1664 1621
1622 1634
 1634 1622
1622 1627
 1627 1622
1623 1656
 1656 1623
1624 1629
 1629 1624
1625 1628
 1628 1625
1625 1639
 1639 1625
1626 1780
 1780 1626
1626 1633
 1633 1626
1627 1631
 1631 1627
1628 1640
 1640 1628
1629 1635
 1635 1629
1629 1630
 1630 1629
1630 1632
 1632 1630
1631 1643
 1643 1631
1632 1677
 1677 1632
1633 1636
 1636 1633
1634 1758
 1758 1634
1635 1652
 1652 1635
1636 1637
 1637 1636
1637 1640
 1640 1637
1638 1642
 1642 1638
1639 1723
 1723 1639
1639 1676
 1676 1639
1640 1770
 1770 1640
1641 1642
 1642 1641
1641 1659
 1659 1641
1642 1643
 1643 1642
1642 1645
 1645 1642
1644 1690
 1690 1644
1645 1705
 1705 1645
1646 1836
 1836 1646
1647 1649
 1649 1647
1648 1691
 1691 1648
1649 1651
 1651 1649
1650 1654
 1654 1650
1651 1783
 1783 1651
1652 1658
 1658 1652
1653 1660
 1660 1653
1654 1657
 1657 1654
1654 1661
 1661 1654
1655 1665
 1665 1655
1656 1673
 1673 1656
1657 1663
 1663 1657
1658 1684
 1684 1658
1658 1659
 1659 1658
1658 1670
 1670 1658
1660 1668
 1668 1660
1660 1662
 1662 1660
1661 1682
 1682 1661
1662 1669
 1669 1662
1663 1686
 1686 1663
1664 1700
 1700 1664
1665 1666
 1666 1665
1665 1667
 1667 1665
1665 1678
 1678 1665
1666 1668
 1668 1666
1667 1675
 1675 1667
1669 1670
 1670 1669
1671 1673
 1673 1671
1671 1689
 1689 1671
1672 1687
 1687 1672
1673 1675
 1675 1673
1673 1683
 1683 1673
1674 1681
 1681 1674
1676 1694
 1694 1676
1677 1688
 1688 1677
1678 1706
 1706 1678
1679 1686
 1686 1679
1679 1703
 1703 1679
1680 1681
 1681 1680
1680 1685
 1685 1680
1681 1692
 1692 1681
1681 1682
 1682 1681
1683 1724
 1724 1683
1684 1731
 1731 1684
1685 1687
 1687 1685
1686 1693
 1693 1686
1687 1689
 1689 1687
1688 1702
 1702 1688
1690 1695
 1695 1690
1691 1695
 1695 1691
1692 1713
 1713 1692
1693 1699
 1699 1693
1693 1701
 1701 1693
1694 1704
 1704 1694
1695 1696
 1696 1695
1696 1697
 1697 1696
1697 1756
 1756 1697
1697 1698
 1698 1697
1698 1800
 1800 1698
1699 1709
 1709 1699
1700 1710
 1710 1700
1701 1714
 1714 1701
1702 1708
 1708 1702
1702 1774
 1774 1702
1703 1704
 1704 1703
1703 1709
 1709 1703
1704 1786
 1786 1704
1704 1723
 1723 1704
1705 1707
 1707 1705
1706 1739
 1739 1706
1707 1708
 1708 1707
1708 1773
 1773 1708
1709 1712
 1712 1709
1710 1711
 1711 1710
1711 1720
 1720 1711
1711 1742
 1742 1711
1712 1714
 1714 1712
1712 1764
 1764 1712
1713 1725
 1725 1713
1713 1727
 1727 1713
1714 1719
 1719 1714
1715 1716
 1716 1715
1715 1741
 1741 1715
1716 1722
 1722 1716
1716 1717
 1717 1716
1717 1728
 1728 1717
1718 1735
 1735 1718
1719 1742
 1742 1719
1720 1726
 1726 1720
1721 1728
 1728 1721
1722 1868
 1868 1722
1722 1996
 1996 1722
1723 1770
 1770 1723
1724 1755
 1755 1724
1725 1730
 1730 1725
1726 1736
 1736 1726
1726 1760
 1760 1726
1727 1730
 1730 1727
1728 1729
 1729 1728
1729 1754
 1754 1729
1730 1732
 1732 1730
1731 1740
 1740 1731
1732 1736
 1736 1732
1732 1743
 1743 1732
1733 1735
 1735 1733
1734 1741
 1741 1734
1734 1908
 1908 1734
1734 1735
 1735 1734
1735 1849
 1849 1735
1736 1743
 1743 1736
1737 1739
 1739 1737
1737 1765
 1765 1737
1738 1739
 1739 1738
1738 1740
 1740 1738
1739 1747
 1747 1739
1740 1745
 1745 1740
1741 1867
 1867 1741
1742 1762
 1762 1742
1743 1744
 1744 1743
1743 1752
 1752 1743
1744 1746
 1746 1744
1744 1748
 1748 1744
1745 1750
 1750 1745
1746 1749
 1749 1746
1746 1751
 1751 1746
1747 1753
 1753 1747
1748 1788
 1788 1748
1749 1782
 1782 1749
1750 1753
 1753 1750
1751 1767
 1767 1751
1751 1759
 1759 1751
1752 1795
 1795 1752
1752 1757
 1757 1752
1753 1772
 1772 1753
1753 1766
 1766 1753
1754 1763
 1763 1754
1755 1769
 1769 1755
1756 1758
 1758 1756
1757 1771
 1771 1757
1758 1775
 1775 1758
1759 1793
 1793 1759
1759 1761
 1761 1759
1760 1784
 1784 1760
1760 1761
 1761 1760
1761 1768
 1768 1761
1762 1764
 1764 1762
1763 1819
 1819 1763
1763 1963
 1963 1763
1764 1841
 1841 1764
1764 1786
 1786 1764
1765 1769
 1769 1765
1766 1803
 1803 1766
1767 1782
 1782 1767
1768 1791
 1791 1768
1769 1778
 1778 1769
1769 1771
 1771 1769
1770 1776
 1776 1770
1770 1777
 1777 1770
1772 1790
 1790 1772
1773 1785
 1785 1773
1774 1820
 1820 1774
1775 1787
 1787 1775
1776 1777
 1777 1776
1776 1786
 1786 1776
1776 1830
 1830 1776
1777 1779
 1779 1777
1778 1801
 1801 1778
1779 1832
 1832 1779
1779 1781
 1781 1779
1780 1781
 1781 1780
1780 1783
 1783 1780
1782 1788
 1788 1782
1782 1797
 1797 1782
1783 1818
 1818 1783
1784 1825
 1825 1784
1784 1791
 1791 1784
1785 1821
 1821 1785
1785 1815
 1815 1785
1786 1844
 1844 1786
1787 1800
 1800 1787
1787 1796
 1796 1787
1788 1789
 1789 1788
1789 1794
 1794 1789
1789 1798
 1798 1789
1790 1829
 1829 1790
1791 1792
 1792 1791
1791 1824
 1824 1791
1792 1793
 1793 1792
1793 1799
 1799 1793
1794 1795
 1795 1794
1795 1811
 1811 1795
1796 1809
 1809 1796
1797 1804
 1804 1797
1798 1807
 1807 1798
1799 1806
 1806 1799
1800 1802
 1802 1800
1801 1813
 1813 1801
1803 1814
 1814 1803
1804 1810
 1810 1804
1804 1807
 1807 1804
1805 1835
 1835 1805
1805 1811
 1811 1805
1805 1812
 1812 1805
1806 1810
 1810 1806
1806 1827
 1827 1806
1807 1811
 1811 1807
1808 1812
 1812 1808
1808 1813
 1813 1808
1809 1823
 1823 1809
1811 1848
 1848 1811
1813 1814
 1814 1813
1813 1817
 1817 1813
1814 1816
 1816 1814
1814 1817
 1817 1814
1815 1821
 1821 1815
1815 1822
 1822 1815
1816 1829
 1829 1816
1817 1831
 1831 1817
1818 1840
 1840 1818
1818 1836
 1836 1818
1819 2002
 2002 1819
1819 1837
 1837 1819
1820 1828
 1828 1820
1820 1821
 1821 1820
1821 1843
 1843 1821
1822 1823
 1823 1822
1823 1834
 1834 1823
1824 1825
 1825 1824
1824 1826
 1826 1824
1824 1871
 1871 1824
1825 1877
 1877 1825
1826 1827
 1827 1826
1827 1833
 1833 1827
1828 1829
 1829 1828
1829 1888
 1888 1829
1830 1832
 1832 1830
1830 1844
 1844 1830
1831 1858
 1858 1831
1832 1842
 1842 1832
1833 1865
 1865 1833
1834 1846
 1846 1834
1834 1838
 1838 1834
1835 1857
 1857 1835
1835 1847
 1847 1835
1836 1916
 1916 1836
1836 1837
 1837 1836
1838 1852
 1852 1838
1838 1850
 1850 1838
1839 1851
 1851 1839
1840 1961
 1961 1840
1841 1864
 1864 1841
1841 1844
 1844 1841
1842 1960
 1960 1842
1843 1883
 1883 1843
1843 1845
 1845 1843
1844 1879
 1879 1844
1845 1878
 1878 1845
1845 1846
 1846 1845
1847 1855
 1855 1847
1848 1856
 1856 1848
1848 1853
 1853 1848
1849 1905
 1905 1849
1849 1851
 1851 1849
1850 1932
 1932 1850
1851 1906
 1906 1851
1852 1884
 1884 1852
1853 1865
 1865 1853
1853 1854
 1854 1853
1854 1915
 1915 1854
1855 1859
 1859 1855
1856 1863
 1863 1856
1857 1863
 1863 1857
1858 1860
 1860 1858
1859 1860
 1860 1859
1860 1861
 1861 1860
1860 1862
 1862 1860
1861 1887
 1887 1861
1862 1870
 1870 1862
1863 1873
 1873 1863
1863 1903
 1903 1863
1864 1881
 1881 1864
1865 1866
 1866 1865
1865 1869
 1869 1865
1866 1871
 1871 1866
1867 1868
 1868 1867
1868 1918
 1918 1868
1869 1917
 1917 1869
1870 1875
 1875 1870
1871 1872
 1872 1871
1872 1882
 1882 1872
1872 1910
 1910 1872
1873 1874
 1874 1873
1874 1875
 1875 1874
1875 1876
 1876 1875
1876 1890
 1890 1876
1877 1882
 1882 1877
1877 1881
 1881 1877
1878 1883
 1883 1878
1878 1925
 1925 1878
1879 1891
 1891 1879
1880 1936
 1936 1880
1880 1884
 1884 1880
1881 1882
 1882 1881
1881 1885
 1885 1881
1882 1907
 1907 1882
1883 1886
 1886 1883
1883 1925
 1925 1883
1884 1889
 1889 1884
1885 1914
 1914 1885
1885 1902
 1902 1885
1886 1899
 1899 1886
1887 1888
 1888 1887
1887 1911
 1911 1887
1888 1897
 1897 1888
1889 1921
 1921 1889
1890 1894
 1894 1890
1891 1896
 1896 1891
1892 1893
 1893 1892
1892 1903
 1903 1892
1893 1894
 1894 1893
1894 1898
 1898 1894
1894 1895
 1895 1894
1895 1919
 1919 1895
1896 1900
 1900 1896
1897 1899
 1899 1897
1897 1909
 1909 1897
1898 1920
 1920 1898
1899 1913
 1913 1899
1900 1901
 1901 1900
1901 1904
 1904 1901
1902 1914
 1914 1902
1902 1924
 1924 1902
1903 1915
 1915 1903
1903 1943
 1943 1903
1904 1923
 1923 1904
1905 1929
 1929 1905
1906 2031
 2031 1906
1907 1949
 1949 1907
1907 1910
 1910 1907
1908 2015
 2015 1908
1909 1966
 1966 1909
1910 1948
 1948 1910
1910 1917
 1917 1910
1911 1945
 1945 1911
1912 1928
 1928 1912
1912 1913
 1913 1912
1913 1922
 1922 1913
1914 1938
 1938 1914
1915 1944
 1944 1915
1915 1917
 1917 1915
1916 1987
 1987 1916
1917 1946
 1946 1917
1918 2030
 2030 1918
1919 1952
 1952 1919
1920 1940
 1940 1920
1921 1934
 1934 1921
1922 1981
 1981 1922
1923 1924
 1924 1923
1923 1927
 1927 1923
1924 1926
 1926 1924
1925 1928
 1928 1925
1925 1931
 1931 1925
1926 1938
 1938 1926
1926 1927
 1927 1926
1927 1988
 1988 1927
1927 1974
 1974 1927
1928 1985
 1985 1928
1928 1930
 1930 1928
1929 2032
 2032 1929
1930 1986
 1986 1930
1930 1931
 1931 1930
1931 1992
 1992 1931
1931 1932
 1932 1931
1932 1984
 1984 1932
1932 1933
 1933 1932
1933 1934
 1934 1933
1934 1936
 1936 1934
1935 1936
 1936 1935
1935 1937
 1937 1935
1937 1954
 1954 1937
1938 1939
 1939 1938
1939 1949
 1949 1939
1939 1967
 1967 1939
1940 1942
 1942 1940
1941 1942
 1942 1941
1941 1943
 1943 1941
1942 1953
 1953 1942
1942 1950
 1950 1942
1943 1944
 1944 1943
1944 1968
 1968 1944
1944 1946
 1946 1944
1945 1952
 1952 1945
1946 1948
 1948 1946
1946 1982
 1982 1946
1947 2033
 2033 1947
1948 1949
 1949 1948
1949 1979
 1979 1949
1950 1952
 1952 1950
1951 1955
 1955 1951
1952 1970
 1970 1952
1953 1969
 1969 1953
1954 1956
 1956 1954
1954 1989
 1989 1954
1955 1959
 1959 1955
1955 1956
 1956 1955
1955 1957
 1957 1955
1956 1957
 1957 1956
1957 1958
 1958 1957
1958 2004
 2004 1958
1959 2045
 2045 1959
1960 2003
 2003 1960
1960 1962
 1962 1960
1961 1962
 1962 1961
1961 1991
 1991 1961
1962 2038
 2038 1962
1963 2002
 2002 1963
1963 1964
 1964 1963
1964 1998
 1998 1964
1965 2024
 2024 1965
1965 1981
 1981 1965
1965 1966
 1966 1965
1966 1971
 1971 1966
1967 1976
 1976 1967
1967 1975
 1975 1967
1968 1972
 1972 1968
1968 1973
 1973 1968
1969 2014
 2014 1969
1970 1971
 1971 1970
1970 1973
 1973 1970
1972 2020
 2020 1972
1972 1982
 1982 1972
1974 1978
 1978 1974
1974 1988
 1988 1974
1975 1978
 1978 1975
1976 1977
 1977 1976
1977 1979
 1979 1977
1979 2067
 2067 1979
1979 1980
 1980 1979
1980 1983
 1983 1980
1981 1985
 1985 1981
1981 2011
 2011 1981
1982 1983
 1983 1982
1984 2007
 2007 1984
1985 1986
 1986 1985
1985 2011
 2011 1985
1986 1992
 1992 1986
1986 2006
 2006 1986
1987 2001
 2001 1987
1987 1991
 1991 1987
1988 2012
 2012 1988
1988 1990
 1990 1988
1989 2007
 2007 1989
1990 2000
 2000 1990
1991 2037
 2037 1991
1992 2005
 2005 1992
1993 1994
 1994 1993
1993 1997
 1997 1993
1994 1995
 1995 1994
1995 1998
 1998 1995
1996 1997
 1997 1996
1997 2035
 2035 1997
1998 1999
 1999 1998
1999 2062
 2062 1999
1999 2063
 2063 1999
2000 2003
 2003 2000
2001 2002
 2002 2001
2002 2042
 2042 2002
2003 2013
 2013 2003
2004 2108
 2108 2004
2005 2008
 2008 2005
2006 2010
 2010 2006
2007 2009
 2009 2007
2007 2008
 2008 2007
2008 2009
 2009 2008
2008 2010
 2010 2008
2009 2070
 2070 2009
2010 2023
 2023 2010
2011 2026
 2026 2011
2012 2013
 2013 2012
2013 2040
 2040 2013
2014 2018
 2018 2014
2015 2046
 2046 2015
2016 2017
 2017 2016
2016 2018
 2018 2016
2017 2021
 2021 2017
2018 2028
 2028 2018
2018 2020
 2020 2018
2019 2027
 2027 2019
2019 2023
 2023 2019
2021 2022
 2022 2021
2022 2025
 2025 2022
2023 2110
 2110 2023
2024 2044
 2044 2024
2025 2041
 2041 2025
2026 2034
 2034 2026
2027 2029
 2029 2027
2028 2075
 2075 2028
2029 2034
 2034 2029
2030 2048
 2048 2030
2031 2033
 2033 2031
2031 2051
 2051 2031
2031 2123
 2123 2031
2032 2046
 2046 2032
2033 2054
 2054 2033
2034 2043
 2043 2034
2035 2064
 2064 2035
2035 2036
 2036 2035
2036 2047
 2047 2036
2037 2039
 2039 2037
2038 2061
 2061 2038
2039 2078
 2078 2039
2040 2072
 2072 2040
2041 2044
 2044 2041
2042 2056
 2056 2042
2043 2057
 2057 2043
2043 2044
 2044 2043
2045 2049
 2049 2045
2046 2050
 2050 2046
2047 2048
 2048 2047
2048 2050
 2050 2048
2048 2055
 2055 2048
2049 2107
 2107 2049
2049 2069
 2069 2049
2050 2053
 2053 2050
2050 2055
 2055 2050
2051 2052
 2052 2051
2052 2053
 2053 2052
2053 2059
 2059 2053
2055 2060
 2060 2055
2055 2058
 2058 2055
2056 2073
 2073 2056
2057 2083
 2083 2057
2058 2059
 2059 2058
2059 2090
 2090 2059
2060 2129
 2129 2060
2061 2112
 2112 2061
2061 2071
 2071 2061
2062 2064
 2064 2062
2062 2063
 2063 2062
2063 2068
 2068 2063
2064 2132
 2132 2064
2065 2069
 2069 2065
2066 2074
 2074 2066
2066 2067
 2067 2066
2067 2080
 2080 2067
2067 2135
 2135 2067
2068 2073
 2073 2068
2069 2107
 2107 2069
2069 2095
 2095 2069
2070 2102
 2102 2070
2070 2097
 2097 2070
2071 2077
 2077 2071
2072 2077
 2077 2072
2073 2098
 2098 2073
2074 2084
 2084 2074
2075 2081
 2081 2075
2076 2098
 2098 2076
2076 2086
 2086 2076
2077 2089
 2089 2077
2077 2080
 2080 2077
2078 2082
 2082 2078
2078 2079
 2079 2078
2079 2086
 2086 2079
2081 2085
 2085 2081
2082 2113
 2113 2082
2083 2093
 2093 2083
2084 2085
 2085 2084
2085 2088
 2088 2085
2085 2087
 2087 2085
2086 2114
 2114 2086
2087 2093
 2093 2087
2088 2099
 2099 2088
2089 2091
 2091 2089
2089 2094
 2094 2089
2090 2128
 2128 2090
2090 2127
 2127 2090
2091 2096
 2096 2091
2091 2092
 2092 2091
2092 2112
 2112 2092
2093 2100
 2100 2093
2094 2131
 2131 2094
2095 2159
 2159 2095
2095 2183
 2183 2095
2096 2140
 2140 2096
2097 2148
 2148 2097
2097 2102
 2102 2097
2097 2111
 2111 2097
2098 2133
 2133 2098
2098 2197
 2197 2098
2099 2103
 2103 2099
2100 2104
 2104 2100
2100 2101
 2101 2100
2101 2103
 2103 2101
2102 2108
 2108 2102
2103 2105
 2105 2103
2103 2106
 2106 2103
2104 2115
 2115 2104
2105 2134
 2134 2105
2106 2118
 2118 2106
2107 2158
 2158 2107
2107 2119
 2119 2107
2108 2109
 2109 2108
2109 2121
 2121 2109
2110 2111
 2111 2110
2111 2116
 2116 2111
2112 2113
 2113 2112
2112 2117
 2117 2112
2113 2117
 2117 2113
2114 2122
 2122 2114
2115 2116
 2116 2115
2116 2144
 2144 2116
2117 2139
 2139 2117
2117 2166
 2166 2117
2118 2151
 2151 2118
2119 2121
 2121 2119
2120 2123
 2123 2120
2121 2157
 2157 2121
2122 2125
 2125 2122
2122 2199
 2199 2122
2123 2124
 2124 2123
2124 2141
 2141 2124
2124 2126
 2126 2124
2125 2160
 2160 2125
2126 2128
 2128 2126
2127 2128
 2128 2127
2127 2129
 2129 2127
2127 2147
 2147 2127
2128 2136
 2136 2128
2129 2130
 2130 2129
2129 2150
 2150 2129
2130 2132
 2132 2130
2131 2138
 2138 2131
2132 2156
 2156 2132
2132 2133
 2133 2132
2134 2135
 2135 2134
2135 2155
 2155 2135
2135 2149
 2149 2135
2136 2146
 2146 2136
2137 2185
 2185 2137
2137 2143
 2143 2137
2138 2164
 2164 2138
2139 2160
 2160 2139
2140 2142
 2142 2140
2141 2274
 2274 2141
2142 2145
 2145 2142
2143 2152
 2152 2143
2143 2153
 2153 2143
2144 2245
 2245 2144
2145 2161
 2161 2145
2146 2275
 2275 2146
2147 2278
 2278 2147
2148 2266
 2266 2148
2149 2154
 2154 2149
2150 2225
 2225 2150
2151 2201
 2201 2151
2152 2155
 2155 2152
2153 2196
 2196 2153
2154 2202
 2202 2154
2156 2249
 2249 2156
2157 2171
 2171 2157
2158 2180
 2180 2158
2159 2228
 2228 2159
2160 2186
 2186 2160
2161 2162
 2162 2161
2161 2165
 2165 2161
2161 2167
 2167 2161
2162 2163
 2163 2162
2163 2164
 2164 2163
2164 2168
 2168 2164
2164 2169
 2169 2164
2165 2170
 2170 2165
2166 2167
 2167 2166
2167 2178
 2178 2167
2168 2177
 2177 2168
2168 2175
 2175 2168
2169 2173
 2173 2169
2169 2174
 2174 2169
2170 2178
 2178 2170
2170 2172
 2172 2170
2171 2208
 2208 2171
2171 2180
 2180 2171
2172 2173
 2173 2172
2173 2184
 2184 2173
2173 2179
 2179 2173
2174 2188
 2188 2174
2174 2175
 2175 2174
2175 2176
 2176 2175
2175 2189
 2189 2175
2176 2177
 2177 2176
2177 2185
 2185 2177
2178 2182
 2182 2178
2180 2226
 2226 2180
2180 2181
 2181 2180
2181 2183
 2183 2181
2182 2184
 2184 2182
2183 2200
 2200 2183
2184 2186
 2186 2184
2185 2192
 2192 2185
2186 2187
 2187 2186
2187 2190
 2190 2187
2188 2193
 2193 2188
2188 2189
 2189 2188
2189 2193
 2193 2189
2189 2277
 2277 2189
2190 2195
 2195 2190
2190 2191
 2191 2190
2191 2224
 2224 2191
2191 2338
 2338 2191
2192 2196
 2196 2192
2193 2194
 2194 2193
2194 2195
 2195 2194
2194 2319
 2319 2194
2196 2216
 2216 2196
2196 2318
 2318 2196
2197 2198
 2198 2197
2198 2248
 2248 2198
2199 2230
 2230 2199
2200 2276
 2276 2200
2201 2203
 2203 2201
2202 2221
 2221 2202
2203 2204
 2204 2203
2204 2209
 2209 2204
2204 2205
 2205 2204
2204 2206
 2206 2204
2205 2207
 2207 2205
2206 2214
 2214 2206
2207 2211
 2211 2207
2208 2220
 2220 2208
2209 2210
 2210 2209
2210 2212
 2212 2210
2211 2218
 2218 2211
2212 2217
 2217 2212
2212 2213
 2213 2212
2213 2214
 2214 2213
2214 2235
 2235 2214
2214 2215
 2215 2214
2215 2222
 2222 2215
2215 2229
 2229 2215
2216 2221
 2221 2216
2217 2227
 2227 2217
2218 2219
 2219 2218
2219 2223
 2223 2219
2220 2233
 2233 2220
2220 2252
 2252 2220
2221 2241
 2241 2221
2221 2223
 2223 2221
2222 2234
 2234 2222
2224 2242
 2242 2224
2225 2286
 2286 2225
2225 2253
 2253 2225
2226 2236
 2236 2226
2227 2231
 2231 2227
2228 2243
 2243 2228
2229 2238
 2238 2229
2230 2242
 2242 2230
2230 2247
 2247 2230
2231 2239
 2239 2231
2232 2260
 2260 2232
2233 2257
 2257 2233
2233 2236
 2236 2233
2234 2246
 2246 2234
2234 2238
 2238 2234
2235 2240
 2240 2235
2235 2237
 2237 2235
2236 2259
 2259 2236
2236 2267
 2267 2236
2237 2239
 2239 2237
2238 2240
 2240 2238
2238 2350
 2350 2238
2239 2244
 2244 2239
2241 2336
 2336 2241
2242 2289
 2289 2242
2243 2260
 2260 2243
2243 2251
 2251 2243
2244 2353
 2353 2244
2245 2254
 2254 2245
2245 2246
 2246 2245
2247 2248
 2248 2247
2248 2250
 2250 2248
2248 2287
 2287 2248
2249 2352
 2352 2249
2249 2250
 2250 2249
2249 2253
 2253 2249
2251 2293
 2293 2251
2252 2256
 2256 2252
2252 2257
 2257 2252
2252 2273
 2273 2252
2254 2266
 2266 2254
2254 2255
 2255 2254
2255 2334
 2334 2255
2256 2261
 2261 2256
2257 2270
 2270 2257
2257 2262
 2262 2257
2258 2259
 2259 2258
2258 2262
 2262 2258
2259 2263
 2263 2259
2260 2264
 2264 2260
2260 2265
 2265 2260
2261 2266
 2266 2261
2262 2263
 2263 2262
2263 2272
 2272 2263
2264 2320
 2320 2264
2265 2296
 2296 2265
2267 2272
 2272 2267
2267 2268
 2268 2267
2268 2269
 2269 2268
2269 2276
 2276 2269
2270 2272
 2272 2270
2270 2291
 2291 2270
2270 2279
 2279 2270
2271 2282
 2282 2271
2272 2291
 2291 2272
2273 2279
 2279 2273
2274 2275
 2275 2274
2275 2281
 2281 2275
2276 2298
 2298 2276
2276 2293
 2293 2276
2277 2318
 2318 2277
2278 2284
 2284 2278
2280 2281
 2281 2280
2280 2283
 2283 2280
2280 2381
 2381 2280
2281 2282
 2282 2281
2282 2373
 2373 2282
2283 2284
 2284 2283
2284 2285
 2285 2284
2285 2377
 2377 2285
2285 2286
 2286 2285
2286 2354
 2354 2286
2287 2288
 2288 2287
2288 2295
 2295 2288
2288 2294
 2294 2288
2289 2290
 2290 2289
2289 2294
 2294 2289
2290 2343
 2343 2290
2291 2322
 2322 2291
2291 2292
 2292 2291
2292 2305
 2305 2292
2294 2295
 2295 2294
2295 2312
 2312 2295
2295 2386
 2386 2295
2296 2297
 2297 2296
2296 2323
 2323 2296
2296 2313
 2313 2296
2297 2300
 2300 2297
2298 2304
 2304 2298
2299 2300
 2300 2299
2299 2325
 2325 2299
2300 2301
 2301 2300
2301 2314
 2314 2301
2302 2304
 2304 2302
2302 2306
 2306 2302
2303 2304
 2304 2303
2303 2307
 2307 2303
2304 2308
 2308 2304
2305 2309
 2309 2305
2306 2309
 2309 2306
2307 2315
 2315 2307
2308 2333
 2333 2308
2309 2310
 2310 2309
2309 2311
 2311 2309
2310 2346
 2346 2310
2311 2333
 2333 2311
2312 2352
 2352 2312
2313 2316
 2316 2313
2314 2316
 2316 2314
2315 2316
 2316 2315
2316 2317
 2317 2316
2317 2398
 2398 2317
2318 2339
 2339 2318
2319 2345
 2345 2319
2319 2332
 2332 2319
2320 2328
 2328 2320
2321 2322
 2322 2321
2322 2331
 2331 2322
2323 2326
 2326 2323
2324 2328
 2328 2324
2324 2327
 2327 2324
2325 2326
 2326 2325
2326 2329
 2329 2326
2326 2327
 2327 2326
2328 2330
 2330 2328
2329 2397
 2397 2329
2330 2363
 2363 2330
2331 2337
 2337 2331
2332 2340
 2340 2332
2332 2389
 2389 2332
2333 2372
 2372 2333
2334 2380
 2380 2334
2334 2335
 2335 2334
2334 2356
 2356 2334
2335 2337
 2337 2335
2336 2384
 2384 2336
2336 2339
 2339 2336
2336 2351
 2351 2336
2337 2344
 2344 2337
2338 2345
 2345 2338
2338 2342
 2342 2338
2339 2341
 2341 2339
2340 2341
 2341 2340
2341 2387
 2387 2341
2342 2343
 2343 2342
2343 2392
 2392 2343
2344 2347
 2347 2344
2345 2390
 2390 2345
2346 2347
 2347 2346
2347 2348
 2348 2347
2347 2349
 2349 2347
2348 2402
 2402 2348
2349 2368
 2368 2349
2350 2355
 2355 2350
2350 2359
 2359 2350
2351 2357
 2357 2351
2352 2361
 2361 2352
2353 2358
 2358 2353
2354 2362
 2362 2354
2354 2391
 2391 2354
2355 2356
 2356 2355
2355 2367
 2367 2355
2357 2358
 2358 2357
2358 2360
 2360 2358
2358 2359
 2359 2358
2360 2383
 2383 2360
2361 2362
 2362 2361
2361 2370
 2370 2361
2363 2365
 2365 2363
2364 2366
 2366 2364
2365 2369
 2369 2365
2365 2366
 2366 2365
2367 2382
 2382 2367
2368 2401
 2401 2368
2368 2372
 2372 2368
2369 2396
 2396 2369
2370 2388
 2388 2370
2370 2385
 2385 2370
2371 2393
 2393 2371
2371 2394
 2394 2371
2372 2374
 2374 2372
2373 2376
 2376 2373
2373 2596
 2596 2373
2374 2395
 2395 2374
2375 2376
 2376 2375
2377 2378
 2378 2377
2378 2541
 2541 2378
2379 2464
 2464 2379
2379 2380
 2380 2379
2381 2555
 2555 2381
2382 2425
 2425 2382
2383 2434
 2434 2383
2384 2430
 2430 2384
2385 2546
 2546 2385
2386 2480
 2480 2386
2387 2416
 2416 2387
2388 2403
 2403 2388
2389 2416
 2416 2389
2390 2415
 2415 2390
2391 2536
 2536 2391
2392 2446
 2446 2392
2393 2399
 2399 2393
2394 2407
 2407 2394
2395 2399
 2399 2395
2396 2400
 2400 2396
2397 2413
 2413 2397
2398 2407
 2407 2398
2399 2438
 2438 2399
2400 2404
 2404 2400
2401 2420
 2420 2401
2402 2417
 2417 2402
2403 2553
 2553 2403
2403 2418
 2418 2403
2404 2405
 2405 2404
2404 2406
 2406 2404
2406 2411
 2411 2406
2407 2408
 2408 2407
2408 2409
 2409 2408
2408 2505
 2505 2408
2409 2617
 2617 2409
2409 2410
 2410 2409
2410 2413
 2413 2410
2411 2622
 2622 2411
2411 2414
 2414 2411
2412 2554
 2554 2412
2412 2413
 2413 2412
2412 2414
 2414 2412
2414 2554
 2554 2414
2415 2416
 2416 2415
2415 2499
 2499 2415
2416 2506
 2506 2416
2416 2426
 2426 2416
2417 2422
 2422 2417
2418 2538
 2538 2418
2419 2420
 2420 2419
2419 2423
 2423 2419
2420 2421
 2421 2420
2421 2431
 2431 2421
2422 2424
 2424 2422
2422 2423
 2423 2422
2424 2473
 2473 2424
2425 2427
 2427 2425
2425 2428
 2428 2425
2426 2477
 2477 2426
2427 2444
 2444 2427
2428 2445
 2445 2428
2429 2433
 2433 2429
2429 2436
 2436 2429
2430 2436
 2436 2430
2431 2432
 2432 2431
2431 2613
 2613 2431
2432 2438
 2438 2432
2433 2435
 2435 2433
2434 2443
 2443 2434
2435 2440
 2440 2435
2435 2437
 2437 2435
2436 2442
 2442 2436
2436 2439
 2439 2436
2437 2441
 2441 2437
2438 2505
 2505 2438
2439 2481
 2481 2439
2440 2534
 2534 2440
2441 2443
 2443 2441
2442 2494
 2494 2442
2443 2457
 2457 2443
2443 2447
 2447 2443
2444 2448
 2448 2444
2445 2453
 2453 2445
2446 2449
 2449 2446
2447 2501
 2501 2447
2448 2450
 2450 2448
2448 2461
 2461 2448
2448 2454
 2454 2448
2449 2458
 2458 2449
2450 2451
 2451 2450
2451 2453
 2453 2451
2452 2465
 2465 2452
2452 2453
 2453 2452
2453 2460
 2460 2453
2454 2476
 2476 2454
2455 2456
 2456 2455
2455 2458
 2458 2455
2456 2469
 2469 2456
2457 2463
 2463 2457
2458 2459
 2459 2458
2458 2462
 2462 2458
2459 2495
 2495 2459
2460 2487
 2487 2460
2461 2490
 2490 2461
2462 2532
 2532 2462
2463 2478
 2478 2463
2464 2475
 2475 2464
2465 2466
 2466 2465
2466 2468
 2468 2466
2466 2470
 2470 2466
2466 2471
 2471 2466
2467 2474
 2474 2467
2467 2468
 2468 2467
2469 2472
 2472 2469
2470 2497
 2497 2470
2471 2535
 2535 2471
2472 2492
 2492 2472
2473 2475
 2475 2473
2474 2475
 2475 2474
2475 2479
 2479 2475
2476 2485
 2485 2476
2477 2489
 2489 2477
2478 2482
 2482 2478
2478 2483
 2483 2478
2479 2620
 2620 2479
2480 2498
 2498 2480
2481 2540
 2540 2481
2482 2522
 2522 2482
2483 2503
 2503 2483
2484 2490
 2490 2484
2484 2485
 2485 2484
2485 2500
 2500 2485
2486 2489
 2489 2486
2486 2493
 2493 2486
2487 2496
 2496 2487
2487 2488
 2488 2487
2487 2491
 2491 2487
2488 2496
 2496 2488
2488 2497
 2497 2488
2489 2504
 2504 2489
2489 2494
 2494 2489
2490 2491
 2491 2490
2491 2496
 2496 2491
2492 2512
 2512 2492
2493 2517
 2517 2493
2495 2498
 2498 2495
2497 2535
 2535 2497
2498 2507
 2507 2498
2498 2502
 2502 2498
2499 2511
 2511 2499
2500 2509
 2509 2500
2501 2508
 2508 2501
2502 2529
 2529 2502
2503 2521
 2521 2503
2504 2523
 2523 2504
2505 2612
 2612 2505
2506 2525
 2525 2506
2507 2530
 2530 2507
2508 2513
 2513 2508
2508 2515
 2515 2508
2509 2514
 2514 2509
2510 2526
 2526 2510
2510 2511
 2511 2510
2511 2512
 2512 2511
2511 2527
 2527 2511
2513 2514
 2514 2513
2515 2524
 2524 2515
2516 2522
 2522 2516
2516 2518
 2518 2516
2517 2525
 2525 2517
2518 2521
 2521 2518
2519 2530
 2530 2519
2519 2532
 2532 2519
2520 2523
 2523 2520
2520 2574
 2574 2520
2521 2528
 2528 2521
2521 2524
 2524 2521
2522 2534
 2534 2522
2523 2539
 2539 2523
2525 2526
 2526 2525
2527 2549
 2549 2527
2528 2585
 2585 2528
2529 2545
 2545 2529
2530 2542
 2542 2530
2531 2533
 2533 2531
2531 2549
 2549 2531
2532 2609
 2609 2532
2532 2533
 2533 2532
2534 2537
 2537 2534
2535 2637
 2637 2535
2536 2558
 2558 2536
2537 2592
 2592 2537
2537 2540
 2540 2537
2538 2547
 2547 2538
2539 2540
 2540 2539
2540 2583
 2583 2540
2541 2548
 2548 2541
2542 2624
 2624 2542
2542 2543
 2543 2542
2543 2544
 2544 2543
2544 2546
 2546 2544
2545 2556
 2556 2545
2546 2552
 2552 2546
2547 2557
 2557 2547
2548 2550
 2550 2548
2548 2551
 2551 2548
2549 2574
 2574 2549
2550 2572
 2572 2550
2551 2573
 2573 2551
2552 2559
 2559 2552
2553 2565
 2565 2553
2554 2608
 2608 2554
2555 2560
 2560 2555
2556 2559
 2559 2556
2557 2567
 2567 2557
2558 2570
 2570 2558
2559 2578
 2578 2559
2559 2563
 2563 2559
2560 2579
 2579 2560
2560 2561
 2561 2560
2560 2562
 2562 2560
2561 2604
 2604 2561
2562 2573
 2573 2562
2563 2566
 2566 2563
2564 2568
 2568 2564
2564 2565
 2565 2564
2565 2581
 2581 2565
2565 2566
 2566 2565
2567 2577
 2577 2567
2568 2576
 2576 2568
2569 2570
 2570 2569
2569 2572
 2572 2569
2570 2571
 2571 2570
2570 2580
 2580 2570
2571 2575
 2575 2571
2574 2634
 2634 2574
2575 2577
 2577 2575
2576 2577
 2577 2576
2577 2582
 2582 2577
2578 2593
 2593 2578
2579 2632
 2632 2579
2580 2584
 2584 2580
2581 2589
 2589 2581
2582 2584
 2584 2582
2583 2640
 2640 2583
2584 2587
 2587 2584
2585 2586
 2586 2585
2586 2588
 2588 2586
2587 2590
 2590 2587
2587 2607
 2607 2587
2588 2595
 2595 2588
2589 2593
 2593 2589
2589 2615
 2615 2589
2589 2591
 2591 2589
2590 2591
 2591 2590
2592 2594
 2594 2592
2593 2630
 2630 2593
2594 2595
 2595 2594
2595 2597
 2597 2595
2595 2605
 2605 2595
2596 2601
 2601 2596
2597 2638
 2638 2597
2598 2599
 2599 2598
2599 2601
 2601 2599
2600 2601
 2601 2600
2600 2602
 2602 2600
2602 2603
 2603 2602
2603 2604
 2604 2603
2603 2606
 2606 2603
2605 2639
 2639 2605
2606 2610
 2610 2606
2607 2611
 2611 2607
2608 2616
 2616 2608
2608 2627
 2627 2608
2609 2626
 2626 2609
2611 2635
 2635 2611
2611 2636
 2636 2611
2612 2618
 2618 2612
2612 2614
 2614 2612
2613 2619
 2619 2613
2613 2614
 2614 2613
2614 2628
 2628 2614
2615 2625
 2625 2615
2615 2621
 2621 2615
2616 2617
 2617 2616
2617 2618
 2618 2617
2618 2629
 2629 2618
2619 2620
 2620 2619
2619 2631
 2631 2619
2621 2623
 2623 2621
2632 2633
 2633 2632
