1 -97.207 49.001
2 -96.801 49.0
3 -95.957 49.0
4 -95.931 49.0
5 -95.766 49.0
6 -95.378 48.999
7 -97.2 48.972
8 -97.236 48.965
9 -95.331 48.914
10 -95.768 48.849
11 -95.768 48.848
12 -95.92 48.833
13 -95.09 48.799
14 -97.158 48.787
15 -96.948 48.778
16 -96.947 48.775
17 -96.702 48.775
18 -94.59 48.719
19 -94.599 48.713
20 -94.562 48.712
21 -96.178 48.7
22 -96.178 48.699
23 -94.43 48.692
24 -96.388 48.645
25 -93.402 48.607
26 -93.402 48.603
27 -93.403 48.603
28 -93.376 48.602
29 -93.402 48.602
30 -93.404 48.602
31 -93.44 48.582
32 -96.521 48.578
33 -97.106 48.573
34 -97.147 48.573
35 -96.896 48.572
36 -93.374 48.569
37 -93.386 48.564
38 -93.439 48.556
39 -93.374 48.556
40 -96.169 48.545
41 -97.107 48.544
42 -96.49 48.543
43 -96.891 48.543
44 -95.732 48.54
45 -93.575 48.523
46 -97.137 48.414
47 -97.107 48.413
48 -93.201 48.411
49 -93.093 48.41
50 -93.574 48.401
51 -93.564 48.393
52 -94.559 48.367
53 -96.328 48.357
54 -96.477 48.355
55 -96.818 48.34
56 -97.0 48.34
57 -95.743 48.298
58 -95.593 48.296
59 -92.491 48.259
60 -96.77 48.197
61 -97.107 48.195
62 -96.77 48.195
63 -96.999 48.195
64 -97.139 48.195
65 -93.803 48.191
66 -96.477 48.174
67 -92.514 48.174
68 -96.758 48.173
69 -96.999 48.173
70 -95.809 48.172
71 -96.207 48.172
72 -96.195 48.172
73 -90.876 48.164
74 -96.181 48.137
75 -96.208 48.137
76 -96.181 48.127
77 -96.181 48.124
78 -96.149 48.123
79 -96.208 48.122
80 -95.593 48.122
81 -95.809 48.122
82 -95.25 48.122
83 -96.181 48.119
84 -96.145 48.105
85 -96.197 48.093
86 -92.823 48.066
87 -90.058 48.054
88 -92.83 48.053
89 -95.809 48.022
90 -96.668 48.021
91 -95.861 48.021
92 -96.482 48.021
93 -97.02 48.021
94 -96.214 48.02
95 -95.277 48.02
96 -96.055 48.02
97 -89.586 48.001
98 -91.913 47.989
99 -95.86 47.965
100 -96.054 47.964
101 -96.215 47.963
102 -89.696 47.952
103 -97.02 47.949
104 -97.02 47.936
105 -96.978 47.935
106 -97.037 47.933
107 -97.024 47.93
108 -97.023 47.929
109 -92.828 47.928
110 -97.016 47.928
111 -97.028 47.927
112 -97.02 47.922
113 -96.998 47.922
114 -97.015 47.922
115 -96.976 47.915
116 -89.553 47.909
117 -96.999 47.908
118 -91.867 47.903
119 -91.841 47.903
120 -93.768 47.899
121 -93.167 47.893
122 -93.166 47.893
123 -93.776 47.883
124 -96.274 47.878
125 -94.285 47.876
126 -93.776 47.875
127 -94.548 47.874
128 -94.438 47.874
129 -94.44 47.874
130 -94.281 47.873
131 -95.193 47.87
132 -94.418 47.87
133 -95.045 47.869
134 -93.081 47.866
135 -93.081 47.864
136 -92.87 47.863
137 -92.719 47.862
138 -92.718 47.862
139 -92.686 47.861
140 -94.341 47.856
141 -93.125 47.849
142 -95.858 47.849
143 -96.417 47.848
144 -93.776 47.846
145 -94.35 47.846
146 -94.268 47.846
147 -89.962 47.844
148 -93.776 47.84
149 -93.643 47.84
150 -96.266 47.832
151 -93.169 47.821
152 -95.858 47.819
153 -95.999 47.819
154 -91.8 47.816
155 -92.281 47.804
156 -96.632 47.804
157 -91.022 47.803
158 -96.611 47.802
159 -94.419 47.793
160 -96.46 47.79
161 -96.6 47.789
162 -96.632 47.789
163 -96.611 47.789
164 -92.365 47.784
165 -95.837 47.775
166 -96.608 47.774
167 -96.63 47.765
168 -96.911 47.761
169 -96.459 47.761
170 -95.58 47.761
171 -96.938 47.76
172 -96.0 47.76
173 -96.351 47.76
174 -96.589 47.76
175 -96.632 47.76
176 -96.342 47.76
177 -96.288 47.76
178 -96.267 47.76
179 -96.282 47.76
180 -96.568 47.759
181 -96.267 47.758
182 -90.34 47.753
183 -90.333 47.751
184 -90.34 47.749
185 -96.632 47.747
186 -96.566 47.745
187 -90.887 47.744
188 -94.548 47.733
189 -95.983 47.661
190 -91.603 47.66
191 -92.258 47.66
192 -95.273 47.648
193 -95.426 47.645
194 -92.426 47.633
195 -96.814 47.608
196 -94.746 47.607
197 -93.774 47.601
198 -93.691 47.593
199 -92.543 47.588
200 -90.831 47.577
201 -92.547 47.556
202 -96.28 47.55
203 -92.548 47.547
204 -92.554 47.547
205 -92.34 47.533
206 -92.262 47.532
207 -92.563 47.531
208 -92.547 47.531
209 -95.259 47.529
210 -95.553 47.529
211 -95.184 47.526
212 -95.4 47.522
213 -95.398 47.522
214 -92.561 47.518
215 -92.571 47.518
216 -94.98 47.514
217 -92.533 47.509
218 -94.949 47.506
219 -92.887 47.506
220 -94.875 47.505
221 -92.524 47.504
222 -96.28 47.5
223 -96.537 47.499
224 -95.976 47.499
225 -96.816 47.499
226 -94.92 47.498
227 -94.912 47.498
228 -94.919 47.498
229 -94.914 47.496
230 -92.488 47.493
231 -92.461 47.492
232 -94.918 47.491
233 -94.879 47.491
234 -92.884 47.489
235 -92.531 47.487
236 -92.9 47.481
237 -92.871 47.479
238 -92.834 47.478
239 -92.866 47.476
240 -92.905 47.469
241 -92.827 47.468
242 -91.023 47.467
243 -92.52 47.461
244 -92.521 47.461
245 -94.863 47.456
246 -94.876 47.439
247 -94.863 47.439
248 -94.842 47.439
249 -94.863 47.433
250 -94.834 47.432
251 -92.922 47.43
252 -91.247 47.418
253 -92.807 47.412
254 -94.863 47.41
255 -94.805 47.41
256 -92.926 47.401
257 -92.945 47.4
258 -92.962 47.4
259 -92.797 47.398
260 -92.518 47.398
261 -92.809 47.393
262 -93.069 47.393
263 -94.612 47.383
264 -94.671 47.382
265 -92.271 47.379
266 -93.168 47.371
267 -96.845 47.353
268 -96.826 47.352
269 -91.187 47.347
270 -94.221 47.346
271 -93.813 47.34
272 -93.203 47.339
273 -93.795 47.334
274 -95.965 47.325
275 -96.28 47.325
276 -95.551 47.325
277 -96.066 47.325
278 -93.959 47.325
279 -93.745 47.321
280 -95.382 47.311
281 -96.514 47.296
282 -96.28 47.296
283 -96.81 47.295
284 -96.811 47.292
285 -93.024 47.283
286 -93.625 47.264
287 -93.532 47.261
288 -93.746 47.243
289 -93.747 47.242
290 -93.566 47.241
291 -95.169 47.241
292 -93.5 47.239
293 -93.533 47.236
294 -94.876 47.236
295 -93.528 47.236
296 -93.519 47.236
297 -93.49 47.225
298 -94.796 47.216
299 -93.53 47.201
300 -95.145 47.189
301 -96.801 47.182
302 -96.5 47.181
303 -96.067 47.181
304 -95.932 47.18
305 -96.259 47.18
306 -93.774 47.179
307 -95.468 47.152
308 -95.482 47.152
309 -95.567 47.152
310 -95.536 47.151
311 -95.522 47.151
312 -95.926 47.151
313 -96.5 47.151
314 -96.259 47.151
315 -96.799 47.151
316 -94.664 47.149
317 -94.635 47.145
318 -95.152 47.138
319 -95.169 47.138
320 -92.113 47.113
321 -95.927 47.103
322 -94.587 47.102
323 -95.848 47.093
324 -93.195 47.087
325 -93.923 47.057
326 -93.906 47.056
327 -94.54 47.054
328 -94.215 47.053
329 -94.214 47.053
330 -93.601 47.03
331 -93.248 47.026
332 -93.084 47.026
333 -91.667 47.026
334 -94.664 47.025
335 -93.069 47.009
336 -94.716 47.008
337 -93.056 47.005
338 -93.261 47.004
339 -94.727 47.004
340 -93.266 47.0
341 -93.605 46.986
342 -95.253 46.986
343 -95.296 46.985
344 -93.775 46.981
345 -92.457 46.956
346 -92.458 46.955
347 -91.794 46.947
348 -92.915 46.924
349 -95.058 46.922
350 -95.162 46.921
351 -92.911 46.92
352 -95.183 46.92
353 -96.746 46.905
354 -91.937 46.881
355 -96.78 46.878
356 -96.259 46.877
357 -96.174 46.877
358 -96.505 46.877
359 -96.652 46.877
360 -96.653 46.877
361 -96.767 46.876
362 -96.744 46.876
363 -96.746 46.875
364 -96.777 46.875
365 -96.767 46.875
366 -96.767 46.874
367 -96.776 46.874
368 -92.28 46.865
369 -92.216 46.865
370 -92.153 46.865
371 -92.059 46.865
372 -95.07 46.863
373 -94.723 46.862
374 -92.28 46.853
375 -92.275 46.851
376 -92.28 46.851
377 -96.768 46.851
378 -96.652 46.85
379 -94.348 46.849
380 -96.78 46.848
381 -96.775 46.847
382 -96.695 46.847
383 -96.768 46.847
384 -96.66 46.847
385 -96.76 46.847
386 -92.417 46.847
387 -96.652 46.846
388 -96.643 46.845
389 -92.457 46.845
390 -92.259 46.844
391 -92.28 46.844
392 -92.301 46.844
393 -91.996 46.844
394 -96.768 46.844
395 -92.24 46.837
396 -92.174 46.837
397 -94.502 46.835
398 -95.856 46.833
399 -96.768 46.833
400 -95.87 46.827
401 -95.853 46.826
402 -95.816 46.825
403 -95.856 46.823
404 -94.502 46.82
405 -92.174 46.815
406 -95.871 46.811
407 -92.061 46.809
408 -95.105 46.805
409 -92.154 46.804
410 -96.767 46.804
411 -94.722 46.804
412 -94.702 46.804
413 -93.955 46.804
414 -94.66 46.804
415 -96.796 46.803
416 -92.107 46.797
417 -92.107 46.796
418 -92.3 46.793
419 -92.098 46.787
420 -92.096 46.786
421 -92.108 46.784
422 -92.28 46.783
423 -92.108 46.779
424 -95.795 46.779
425 -92.106 46.778
426 -92.108 46.777
427 -92.11 46.776
428 -92.119 46.769
429 -92.115 46.768
430 -92.882 46.766
431 -92.125 46.766
432 -92.453 46.765
433 -92.123 46.765
434 -92.28 46.765
435 -92.118 46.764
436 -92.125 46.762
437 -92.108 46.759
438 -92.11 46.758
439 -92.106 46.756
440 -95.097 46.754
441 -92.104 46.754
442 -92.101 46.749
443 -95.163 46.747
444 -92.152 46.744
445 -92.154 46.743
446 -92.156 46.741
447 -92.152 46.741
448 -94.134 46.74
449 -92.176 46.737
450 -92.173 46.736
451 -92.17 46.736
452 -92.175 46.735
453 -92.198 46.734
454 -92.205 46.733
455 -92.202 46.732
456 -93.958 46.731
457 -92.143 46.731
458 -92.203 46.73
459 -92.237 46.722
460 -92.461 46.722
461 -95.717 46.72
462 -94.403 46.718
463 -95.9 46.717
464 -95.71 46.716
465 -92.28 46.711
466 -92.273 46.71
467 -93.601 46.71
468 -93.307 46.71
469 -92.279 46.708
470 -92.285 46.706
471 -92.306 46.706
472 -92.278 46.705
473 -92.294 46.704
474 -92.416 46.704
475 -92.301 46.703
476 -92.424 46.703
477 -92.306 46.703
478 -92.425 46.702
479 -92.419 46.7
480 -92.422 46.7
481 -92.427 46.7
482 -92.431 46.7
483 -92.278 46.699
484 -92.428 46.697
485 -92.428 46.696
486 -92.457 46.693
487 -92.454 46.691
488 -92.457 46.69
489 -92.459 46.686
490 -96.42 46.682
491 -92.428 46.681
492 -96.428 46.68
493 -92.884 46.68
494 -92.464 46.678
495 -96.42 46.678
496 -92.462 46.678
497 -92.437 46.678
498 -92.261 46.678
499 -96.413 46.677
500 -96.42 46.674
501 -92.681 46.672
502 -92.226 46.67
503 -94.113 46.667
504 -92.472 46.667
505 -92.424 46.667
506 -96.399 46.665
507 -95.799 46.665
508 -92.483 46.664
509 -92.477 46.664
510 -92.472 46.663
511 -92.28 46.661
512 -94.345 46.661
513 -96.173 46.66
514 -92.482 46.66
515 -96.42 46.66
516 -96.402 46.66
517 -96.387 46.66
518 -96.395 46.66
519 -96.758 46.659
520 -96.235 46.659
521 -92.284 46.659
522 -96.027 46.659
523 -95.655 46.658
524 -92.202 46.658
525 -92.226 46.656
526 -92.292 46.655
527 -96.39 46.654
528 -93.064 46.653
529 -94.884 46.631
530 -96.445 46.631
531 -96.364 46.631
532 -96.757 46.63
533 -95.095 46.63
534 -93.317 46.61
535 -93.612 46.609
536 -93.291 46.609
537 -95.574 46.58
538 -96.083 46.571
539 -96.083 46.57
540 -96.319 46.563
541 -96.281 46.559
542 -96.309 46.559
543 -96.315 46.558
544 -95.574 46.557
545 -96.312 46.554
546 -93.958 46.546
547 -93.707 46.533
548 -93.707 46.526
549 -93.811 46.516
550 -95.321 46.495
551 -96.28 46.483
552 -93.957 46.482
553 -93.957 46.48
554 -93.899 46.474
555 -94.172 46.461
556 -92.728 46.456
557 -92.864 46.456
558 -92.762 46.455
559 -92.735 46.453
560 -92.73 46.453
561 -92.732 46.45
562 -95.155 46.449
563 -93.262 46.448
564 -93.055 46.447
565 -95.136 46.442
566 -95.155 46.442
567 -92.742 46.441
568 -95.138 46.439
569 -92.745 46.436
570 -92.752 46.435
571 -92.749 46.431
572 -95.579 46.427
573 -92.755 46.418
574 -92.498 46.418
575 -95.321 46.387
576 -94.176 46.383
577 -94.158 46.373
578 -95.114 46.369
579 -94.899 46.369
580 -94.177 46.362
581 -94.2 46.358
582 -94.793 46.356
583 -94.792 46.356
584 -94.223 46.356
585 -94.2 46.353
586 -94.195 46.353
587 -94.244 46.352
588 -94.146 46.352
589 -94.156 46.352
590 -93.87 46.345
591 -96.137 46.344
592 -93.752 46.344
593 -94.642 46.344
594 -96.128 46.343
595 -94.644 46.342
596 -94.327 46.341
597 -94.647 46.341
598 -96.132 46.341
599 -96.128 46.34
600 -94.653 46.34
601 -96.124 46.34
602 -93.517 46.334
603 -96.122 46.33
604 -95.321 46.326
605 -95.155 46.326
606 -95.095 46.326
607 -94.21 46.324
608 -95.437 46.317
609 -93.81 46.314
610 -96.094 46.312
611 -96.122 46.297
612 -93.824 46.295
613 -96.122 46.293
614 -96.596 46.29
615 -96.591 46.29
616 -96.116 46.29
617 -96.123 46.289
618 -96.12 46.289
619 -96.118 46.286
620 -96.077 46.284
621 -96.587 46.283
622 -96.578 46.282
623 -96.277 46.282
624 -95.713 46.275
625 -96.04 46.273
626 -96.104 46.27
627 -96.055 46.27
628 -96.1 46.268
629 -96.068 46.264
630 -96.599 46.264
631 -96.588 46.263
632 -96.085 46.258
633 -96.078 46.253
634 -93.526 46.247
635 -96.043 46.243
636 -93.808 46.243
637 -93.277 46.217
638 -93.054 46.216
639 -93.5 46.212
640 -96.019 46.212
641 -96.023 46.211
642 -93.43 46.211
643 -96.019 46.208
644 -96.014 46.205
645 -96.019 46.204
646 -96.493 46.188
647 -92.855 46.183
648 -92.856 46.18
649 -92.86 46.18
650 -92.866 46.18
651 -92.853 46.18
652 -92.858 46.177
653 -92.866 46.171
654 -92.866 46.17
655 -93.277 46.159
656 -94.357 46.157
657 -94.103 46.156
658 -95.328 46.148
659 -93.462 46.142
660 -92.888 46.129
661 -92.883 46.125
662 -92.888 46.125
663 -95.511 46.122
664 -92.888 46.121
665 -93.433 46.118
666 -93.283 46.116
667 -93.432 46.111
668 -93.645 46.109
669 -95.998 46.108
670 -95.896 46.108
671 -95.711 46.108
672 -95.323 46.107
673 -95.75 46.107
674 -95.753 46.107
675 -95.769 46.1
676 -94.368 46.093
677 -94.503 46.087
678 -94.368 46.078
679 -93.81 46.078
680 -93.657 46.073
681 -94.328 46.073
682 -96.566 46.051
683 -96.494 46.048
684 -95.832 46.04
685 -95.838 46.039
686 -96.266 46.036
687 -95.832 46.036
688 -96.345 46.036
689 -95.997 46.036
690 -95.826 46.033
691 -94.104 46.027
692 -96.333 46.022
693 -96.494 46.022
694 -92.93 46.014
695 -92.444 46.012
696 -95.77 46.012
697 -92.943 46.011
698 -92.936 46.011
699 -92.928 46.011
700 -92.932 46.011
701 -92.933 46.008
702 -94.345 46.007
703 -95.733 46.003
704 -94.386 46.002
705 -94.378 46.001
706 -93.432 46.0
707 -94.341 46.0
708 -95.735 45.999
709 -95.729 45.999
710 -94.348 45.998
711 -94.346 45.997
712 -93.432 45.996
713 -95.726 45.995
714 -95.976 45.994
715 -94.339 45.992
716 -95.769 45.992
717 -94.372 45.992
718 -94.351 45.991
719 -94.339 45.991
720 -94.339 45.987
721 -93.432 45.985
722 -94.105 45.983
723 -93.805 45.983
724 -93.662 45.982
725 -94.34 45.981
726 -92.955 45.979
727 -94.371 45.977
728 -94.391 45.977
729 -92.955 45.977
730 -94.648 45.977
731 -94.619 45.977
732 -94.362 45.976
733 -94.864 45.976
734 -92.958 45.976
735 -94.346 45.976
736 -94.34 45.976
737 -94.332 45.975
738 -92.956 45.974
739 -94.34 45.971
740 -94.106 45.97
741 -94.364 45.963
742 -94.356 45.963
743 -94.356 45.947
744 -96.266 45.947
745 -94.359 45.947
746 -93.098 45.941
747 -94.354 45.937
748 -96.255 45.935
749 -94.353 45.935
750 -96.253 45.933
751 -93.143 45.928
752 -94.643 45.918
753 -95.334 45.911
754 -95.888 45.906
755 -94.888 45.89
756 -95.366 45.889
757 -95.325 45.886
758 -93.289 45.875
759 -95.14 45.865
760 -95.141 45.865
761 -96.573 45.861
762 -96.49 45.861
763 -95.43 45.86
764 -95.43 45.86
765 -95.386 45.86
766 -95.408 45.86
767 -93.297 45.854
768 -95.388 45.847
769 -95.392 45.845
770 -95.388 45.845
771 -95.388 45.844
772 -95.383 45.843
773 -95.388 45.841
774 -95.152 45.836
775 -95.149 45.833
776 -95.156 45.833
777 -95.163 45.833
778 -95.758 45.833
779 -95.797 45.832
780 -95.882 45.832
781 -93.41 45.832
782 -95.14 45.83
783 -93.431 45.829
784 -94.094 45.823
785 -94.287 45.823
786 -96.143 45.809
787 -95.758 45.808
788 -96.49 45.804
789 -93.142 45.804
790 -96.254 45.803
791 -96.49 45.803
792 -93.516 45.8
793 -93.654 45.788
794 -94.864 45.775
795 -94.943 45.774
796 -94.885 45.774
797 -95.05 45.774
798 -92.781 45.773
799 -92.99 45.771
800 -92.994 45.767
801 -92.986 45.767
802 -92.989 45.767
803 -92.99 45.763
804 -93.629 45.76
805 -95.644 45.76
806 -95.882 45.76
807 -96.079 45.76
808 -93.158 45.76
809 -93.142 45.76
810 -95.383 45.759
811 -94.214 45.756
812 -94.938 45.752
813 -93.65 45.751
814 -94.088 45.751
815 -94.09 45.75
816 -94.132 45.75
817 -94.262 45.748
818 -94.264 45.747
819 -93.416 45.732
820 -93.227 45.731
821 -93.168 45.731
822 -92.992 45.731
823 -93.642 45.729
824 -94.952 45.724
825 -94.958 45.722
826 -94.952 45.72
827 -93.762 45.72
828 -94.947 45.719
829 -94.953 45.717
830 -94.953 45.716
831 -95.139 45.715
832 -93.192 45.706
833 -94.884 45.698
834 -94.88 45.696
835 -94.876 45.694
836 -94.881 45.694
837 -95.386 45.676
838 -93.921 45.664
839 -95.39 45.65
840 -94.208 45.65
841 -95.369 45.648
842 -94.175 45.628
843 -94.29 45.623
844 -94.173 45.623
845 -94.17 45.618
846 -94.174 45.617
847 -94.203 45.615
848 -95.532 45.615
849 -95.531 45.615
850 -95.758 45.615
851 -94.228 45.608
852 -94.261 45.608
853 -95.884 45.607
854 -95.884 45.606
855 -96.857 45.606
856 -96.855 45.604
857 -96.852 45.601
858 -94.185 45.601
859 -95.928 45.6
860 -96.844 45.598
861 -94.187 45.598
862 -94.189 45.596
863 -93.601 45.595
864 -94.191 45.595
865 -95.92 45.592
866 -94.246 45.591
867 -93.913 45.59
868 -93.76 45.589
869 -94.368 45.589
870 -93.512 45.588
871 -94.165 45.588
872 -93.389 45.587
873 -94.169 45.587
874 -93.215 45.586
875 -96.809 45.586
876 -94.171 45.586
877 -95.914 45.586
878 -94.055 45.586
879 -96.426 45.585
880 -93.213 45.585
881 -94.358 45.583
882 -95.911 45.583
883 -94.352 45.582
884 -93.217 45.582
885 -94.09 45.581
886 -94.132 45.581
887 -93.21 45.581
888 -94.111 45.579
889 -93.599 45.577
890 -93.614 45.577
891 -95.933 45.576
892 -94.133 45.576
893 -93.58 45.574
894 -93.202 45.573
895 -93.248 45.573
896 -93.211 45.573
897 -93.224 45.573
898 -95.912 45.572
899 -96.431 45.572
900 -96.241 45.571
901 -95.898 45.57
902 -94.354 45.57
903 -93.598 45.57
904 -93.58 45.57
905 -94.14 45.569
906 -95.903 45.568
907 -94.318 45.568
908 -94.135 45.567
909 -94.306 45.567
910 -95.912 45.566
911 -94.139 45.566
912 -94.205 45.566
913 -95.892 45.566
914 -94.142 45.565
915 -94.136 45.563
916 -94.343 45.561
917 -94.152 45.561
918 -94.336 45.56
919 -93.914 45.56
920 -93.594 45.559
921 -94.131 45.559
922 -93.582 45.559
923 -94.34 45.558
924 -94.343 45.556
925 -94.26 45.555
926 -94.336 45.555
927 -93.585 45.554
928 -94.205 45.553
929 -93.227 45.551
930 -94.205 45.55
931 -93.232 45.544
932 -94.109 45.542
933 -94.21 45.537
934 -94.265 45.537
935 -94.29 45.519
936 -94.281 45.518
937 -93.022 45.517
938 -94.284 45.515
939 -92.993 45.514
940 -94.288 45.512
941 -92.99 45.511
942 -94.278 45.51
943 -92.993 45.51
944 -92.997 45.51
945 -92.993 45.507
946 -95.131 45.503
947 -94.236 45.502
948 -94.233 45.498
949 -94.24 45.498
950 -94.248 45.498
951 -94.157 45.496
952 -94.15 45.496
953 -94.243 45.494
954 -94.151 45.494
955 -94.151 45.492
956 -94.147 45.488
957 -95.747 45.453
958 -95.007 45.453
959 -94.429 45.453
960 -94.987 45.452
961 -93.996 45.447
962 -94.043 45.418
963 -93.235 45.415
964 -93.235 45.414
965 -94.054 45.414
966 -93.367 45.414
967 -94.06 45.413
968 -94.876 45.413
969 -94.784 45.413
970 -95.71 45.412
971 -95.912 45.412
972 -95.008 45.412
973 -95.562 45.412
974 -94.057 45.412
975 -94.059 45.41
976 -94.053 45.41
977 -93.901 45.408
978 -92.65 45.402
979 -92.652 45.401
980 -93.26 45.399
981 -93.367 45.399
982 -93.235 45.399
983 -94.782 45.388
984 -94.763 45.388
985 -93.347 45.387
986 -93.563 45.386
987 -93.142 45.385
988 -93.19 45.385
989 -93.286 45.385
990 -92.704 45.383
991 -94.729 45.379
992 -93.109 45.365
993 -93.819 45.357
994 -95.255 45.355
995 -94.763 45.355
996 -93.019 45.342
997 -93.004 45.34
998 -93.007 45.337
999 -93.004 45.336
1000 -93.001 45.336
1001 -93.004 45.333
1002 -93.744 45.333
1003 -93.745 45.333
1004 -93.143 45.331
1005 -95.009 45.329
1006 -93.47 45.328
1007 -93.402 45.328
1008 -93.142 45.326
1009 -94.668 45.326
1010 -94.569 45.326
1011 -94.625 45.326
1012 -94.414 45.326
1013 -94.667 45.325
1014 -93.28 45.324
1015 -92.731 45.322
1016 -92.71 45.322
1017 -93.264 45.32
1018 -93.347 45.32
1019 -93.306 45.319
1020 -93.236 45.319
1021 -94.299 45.316
1022 -95.601 45.315
1023 -95.6 45.315
1024 -94.383 45.312
1025 -94.409 45.312
1026 -95.603 45.31
1027 -93.791 45.31
1028 -93.792 45.309
1029 -93.634 45.308
1030 -93.794 45.305
1031 -93.567 45.304
1032 -93.555 45.303
1033 -93.142 45.302
1034 -93.797 45.301
1035 -93.5 45.3
1036 -93.804 45.3
1037 -93.511 45.299
1038 -93.51 45.299
1039 -96.44 45.299
1040 -93.5 45.299
1041 -93.347 45.299
1042 -93.41 45.299
1043 -93.799 45.299
1044 -96.439 45.299
1045 -93.306 45.298
1046 -94.261 45.298
1047 -96.43 45.298
1048 -96.117 45.298
1049 -93.793 45.297
1050 -93.002 45.297
1051 -92.986 45.297
1052 -92.974 45.297
1053 -92.769 45.296
1054 -93.8 45.296
1055 -93.77 45.294
1056 -93.767 45.292
1057 -96.453 45.292
1058 -93.002 45.291
1059 -94.94 45.291
1060 -93.555 45.291
1061 -96.429 45.291
1062 -92.98 45.29
1063 -92.984 45.29
1064 -93.768 45.29
1065 -92.999 45.29
1066 -93.761 45.289
1067 -93.002 45.289
1068 -92.984 45.289
1069 -93.664 45.289
1070 -93.558 45.289
1071 -93.14 45.287
1072 -93.08 45.287
1073 -93.019 45.286
1074 -94.312 45.283
1075 -93.003 45.283
1076 -93.749 45.283
1077 -95.912 45.283
1078 -93.003 45.283
1079 -93.56 45.281
1080 -93.008 45.28
1081 -94.082 45.28
1082 -93.007 45.279
1083 -93.003 45.279
1084 -93.004 45.276
1085 -94.18 45.275
1086 -93.008 45.269
1087 -93.347 45.263
1088 -94.124 45.262
1089 -92.963 45.261
1090 -92.963 45.261
1091 -92.973 45.261
1092 -92.983 45.26
1093 -96.296 45.26
1094 -93.019 45.258
1095 -92.771 45.257
1096 -92.804 45.256
1097 -92.983 45.254
1098 -93.022 45.254
1099 -92.89 45.254
1100 -93.512 45.252
1101 -93.019 45.251
1102 -93.511 45.251
1103 -93.02 45.251
1104 -93.024 45.25
1105 -96.292 45.249
1106 -93.026 45.247
1107 -94.076 45.244
1108 -93.663 45.243
1109 -93.669 45.243
1110 -93.663 45.242
1111 -93.663 45.241
1112 -93.663 45.238
1113 -93.648 45.238
1114 -93.645 45.235
1115 -93.029 45.228
1116 -93.552 45.227
1117 -93.522 45.226
1118 -96.103 45.22
1119 -93.599 45.22
1120 -93.029 45.219
1121 -93.029 45.218
1122 -93.596 45.218
1123 -93.594 45.217
1124 -93.599 45.217
1125 -93.033 45.215
1126 -93.637 45.211
1127 -93.583 45.21
1128 -93.584 45.21
1129 -93.552 45.21
1130 -96.02 45.21
1131 -93.094 45.21
1132 -93.664 45.21
1133 -93.526 45.21
1134 -93.517 45.21
1135 -93.449 45.21
1136 -93.029 45.209
1137 -93.625 45.209
1138 -93.39 45.205
1139 -93.863 45.205
1140 -93.358 45.204
1141 -93.617 45.202
1142 -95.002 45.2
1143 -92.77 45.199
1144 -93.442 45.199
1145 -93.552 45.199
1146 -93.34 45.198
1147 -93.234 45.197
1148 -93.557 45.197
1149 -96.019 45.197
1150 -93.1 45.197
1151 -92.982 45.196
1152 -92.882 45.196
1153 -93.607 45.196
1154 -93.552 45.195
1155 -92.827 45.195
1156 -93.073 45.193
1157 -93.072 45.193
1158 -93.547 45.192
1159 -93.403 45.192
1160 -93.552 45.192
1161 -93.395 45.191
1162 -93.396 45.189
1163 -93.886 45.189
1164 -92.772 45.188
1165 -93.442 45.188
1166 -93.876 45.185
1167 -93.54 45.183
1168 -93.112 45.182
1169 -93.876 45.182
1170 -93.109 45.181
1171 -93.111 45.181
1172 -93.113 45.18
1173 -93.863 45.18
1174 -93.872 45.18
1175 -93.117 45.179
1176 -93.876 45.173
1177 -93.542 45.172
1178 -93.527 45.172
1179 -93.526 45.172
1180 -93.521 45.17
1181 -93.86 45.168
1182 -93.03 45.168
1183 -93.525 45.167
1184 -93.871 45.167
1185 -93.521 45.166
1186 -95.246 45.165
1187 -93.03 45.164
1188 -93.026 45.164
1189 -93.02 45.164
1190 -93.034 45.164
1191 -93.056 45.164
1192 -93.521 45.164
1193 -95.016 45.161
1194 -93.031 45.161
1195 -92.993 45.159
1196 -92.793 45.157
1197 -96.057 45.157
1198 -93.666 45.154
1199 -93.847 45.154
1200 -93.522 45.153
1201 -96.287 45.153
1202 -94.676 45.153
1203 -95.017 45.153
1204 -93.542 45.153
1205 -93.635 45.153
1206 -93.505 45.152
1207 -96.062 45.152
1208 -93.491 45.152
1209 -95.96 45.152
1210 -93.89 45.152
1211 -95.593 45.151
1212 -93.462 45.151
1213 -93.868 45.151
1214 -94.687 45.149
1215 -93.056 45.148
1216 -92.762 45.144
1217 -93.27 45.142
1218 -93.462 45.139
1219 -94.757 45.139
1220 -96.414 45.139
1221 -94.529 45.139
1222 -96.287 45.138
1223 -93.235 45.134
1224 -92.876 45.133
1225 -93.525 45.131
1226 -93.522 45.131
1227 -93.542 45.131
1228 -93.635 45.131
1229 -93.488 45.131
1230 -93.299 45.129
1231 -95.104 45.129
1232 -92.876 45.128
1233 -93.49 45.127
1234 -92.898 45.127
1235 -93.485 45.127
1236 -93.048 45.127
1237 -94.528 45.125
1238 -93.481 45.125
1239 -95.003 45.125
1240 -93.212 45.125
1241 -93.188 45.124
1242 -93.049 45.124
1243 -93.057 45.124
1244 -93.053 45.124
1245 -92.99 45.124
1246 -93.002 45.124
1247 -93.425 45.123
1248 -93.483 45.123
1249 -93.389 45.123
1250 -92.988 45.123
1251 -95.043 45.122
1252 -93.306 45.122
1253 -93.237 45.12
1254 -95.065 45.12
1255 -93.049 45.12
1256 -94.498 45.12
1257 -93.188 45.119
1258 -92.983 45.119
1259 -92.984 45.119
1260 -92.985 45.119
1261 -92.987 45.116
1262 -93.193 45.116
1263 -93.188 45.116
1264 -93.188 45.111
1265 -95.014 45.11
1266 -95.104 45.11
1267 -95.247 45.109
1268 -95.907 45.109
1269 -95.717 45.108
1270 -95.594 45.108
1271 -94.523 45.103
1272 -92.99 45.103
1273 -93.0 45.103
1274 -93.452 45.098
1275 -95.98 45.098
1276 -92.995 45.097
1277 -92.984 45.097
1278 -95.104 45.096
1279 -93.636 45.095
1280 -93.645 45.094
1281 -93.543 45.093
1282 -93.006 45.093
1283 -93.187 45.092
1284 -95.037 45.092
1285 -95.042 45.092
1286 -93.448 45.092
1287 -95.042 45.09
1288 -93.435 45.09
1289 -95.047 45.09
1290 -95.062 45.089
1291 -95.104 45.089
1292 -93.187 45.089
1293 -93.523 45.087
1294 -93.184 45.087
1295 -93.717 45.087
1296 -93.734 45.086
1297 -93.402 45.085
1298 -93.186 45.085
1299 -93.732 45.085
1300 -92.924 45.085
1301 -93.052 45.085
1302 -93.405 45.084
1303 -93.447 45.083
1304 -93.401 45.082
1305 -94.323 45.081
1306 -93.398 45.081
1307 -94.256 45.081
1308 -94.311 45.081
1309 -96.062 45.08
1310 -94.19 45.08
1311 -93.717 45.08
1312 -93.401 45.079
1313 -92.863 45.079
1314 -93.176 45.079
1315 -93.045 45.079
1316 -93.052 45.079
1317 -92.804 45.079
1318 -92.806 45.077
1319 -92.812 45.077
1320 -92.96 45.075
1321 -93.052 45.073
1322 -93.286 45.071
1323 -93.446 45.071
1324 -93.304 45.07
1325 -93.185 45.07
1326 -93.294 45.07
1327 -93.247 45.07
1328 -93.288 45.07
1329 -93.286 45.07
1330 -93.299 45.069
1331 -93.283 45.069
1332 -93.282 45.069
1333 -93.451 45.069
1334 -93.25 45.068
1335 -93.247 45.068
1336 -93.285 45.067
1337 -93.244 45.067
1338 -93.186 45.067
1339 -93.181 45.067
1340 -93.447 45.067
1341 -93.19 45.067
1342 -93.645 45.066
1343 -93.625 45.066
1344 -93.635 45.066
1345 -93.543 45.065
1346 -93.227 45.065
1347 -93.869 45.065
1348 -93.911 45.065
1349 -93.186 45.064
1350 -93.301 45.064
1351 -93.602 45.064
1352 -93.449 45.063
1353 -94.068 45.061
1354 -94.073 45.061
1355 -92.846 45.059
1356 -92.924 45.058
1357 -93.635 45.057
1358 -92.863 45.057
1359 -92.945 45.057
1360 -92.801 45.057
1361 -92.806 45.056
1362 -93.574 45.054
1363 -93.563 45.052
1364 -93.635 45.051
1365 -93.641 45.051
1366 -93.717 45.05
1367 -93.542 45.046
1368 -93.061 45.042
1369 -92.795 45.041
1370 -93.092 45.038
1371 -92.919 45.038
1372 -93.062 45.038
1373 -93.055 45.037
1374 -93.068 45.037
1375 -92.808 45.036
1376 -92.948 45.036
1377 -92.863 45.036
1378 -92.919 45.035
1379 -93.082 45.035
1380 -92.847 45.035
1381 -93.767 45.035
1382 -92.984 45.034
1383 -92.79 45.034
1384 -93.089 45.032
1385 -92.965 45.032
1386 -92.958 45.031
1387 -93.727 45.03
1388 -92.961 45.03
1389 -93.089 45.029
1390 -92.965 45.029
1391 -92.96 45.028
1392 -93.72 45.027
1393 -92.959 45.026
1394 -92.807 45.025
1395 -92.984 45.02
1396 -92.797 45.019
1397 -92.797 45.018
1398 -92.807 45.016
1399 -93.456 45.015
1400 -93.187 45.014
1401 -93.089 45.013
1402 -93.461 45.012
1403 -95.247 45.012
1404 -93.457 45.011
1405 -93.089 45.011
1406 -93.085 45.011
1407 -93.678 45.011
1408 -96.062 45.01
1409 -93.182 45.01
1410 -93.186 45.01
1411 -93.192 45.01
1412 -93.093 45.01
1413 -96.196 45.01
1414 -93.665 45.01
1415 -93.452 45.009
1416 -96.196 45.009
1417 -93.204 45.008
1418 -93.089 45.008
1419 -92.861 45.007
1420 -96.452 45.007
1421 -93.457 45.006
1422 -93.207 45.006
1423 -93.666 45.004
1424 -92.778 44.997
1425 -93.62 44.994
1426 -93.666 44.993
1427 -93.646 44.993
1428 -93.727 44.99
1429 -93.732 44.988
1430 -93.349 44.985
1431 -93.283 44.984
1432 -93.287 44.984
1433 -93.4 44.983
1434 -93.27 44.983
1435 -94.502 44.98
1436 -93.766 44.979
1437 -94.368 44.979
1438 -94.053 44.979
1439 -93.888 44.978
1440 -93.767 44.978
1441 -93.672 44.978
1442 -93.287 44.977
1443 -95.716 44.977
1444 -93.4 44.975
1445 -93.284 44.975
1446 -93.287 44.975
1447 -93.46 44.974
1448 -93.397 44.974
1449 -93.4 44.973
1450 -93.403 44.973
1451 -93.293 44.973
1452 -93.34 44.972
1453 -93.4 44.972
1454 -94.053 44.972
1455 -94.012 44.972
1456 -93.877 44.971
1457 -93.46 44.971
1458 -93.464 44.971
1459 -93.287 44.971
1460 -93.456 44.971
1461 -93.252 44.971
1462 -93.338 44.97
1463 -93.341 44.97
1464 -93.345 44.97
1465 -93.342 44.968
1466 -93.46 44.968
1467 -93.274 44.967
1468 -93.252 44.966
1469 -93.852 44.966
1470 -93.247 44.966
1471 -93.265 44.966
1472 -93.265 44.966
1473 -93.269 44.965
1474 -93.972 44.964
1475 -92.862 44.964
1476 -92.772 44.964
1477 -93.202 44.964
1478 -92.797 44.963
1479 -93.269 44.963
1480 -94.053 44.963
1481 -93.845 44.962
1482 -92.759 44.962
1483 -93.248 44.962
1484 -92.769 44.962
1485 -92.771 44.962
1486 -92.774 44.962
1487 -93.202 44.96
1488 -92.771 44.96
1489 -93.207 44.96
1490 -93.09 44.96
1491 -93.839 44.959
1492 -93.198 44.959
1493 -95.747 44.956
1494 -93.091 44.955
1495 -93.08 44.954
1496 -92.863 44.953
1497 -93.082 44.953
1498 -93.041 44.952
1499 -93.046 44.952
1500 -93.035 44.952
1501 -93.096 44.952
1502 -92.958 44.952
1503 -95.717 44.952
1504 -93.097 44.952
1505 -93.081 44.951
1506 -93.099 44.951
1507 -93.106 44.951
1508 -93.04 44.95
1509 -93.747 44.949
1510 -95.697 44.949
1511 -95.373 44.949
1512 -92.87 44.949
1513 -92.863 44.949
1514 -92.855 44.949
1515 -92.891 44.949
1516 -92.959 44.949
1517 -92.954 44.949
1518 -95.472 44.949
1519 -92.963 44.949
1520 -93.101 44.949
1521 -92.984 44.949
1522 -93.766 44.949
1523 -93.079 44.948
1524 -93.04 44.947
1525 -92.959 44.946
1526 -92.863 44.945
1527 -94.502 44.945
1528 -93.348 44.943
1529 -94.502 44.943
1530 -94.501 44.943
1531 -95.728 44.939
1532 -93.688 44.939
1533 -95.727 44.937
1534 -93.666 44.937
1535 -94.696 44.936
1536 -96.452 44.936
1537 -96.196 44.936
1538 -96.063 44.936
1539 -94.758 44.936
1540 -95.044 44.935
1541 -95.798 44.935
1542 -95.248 44.935
1543 -93.396 44.934
1544 -95.733 44.933
1545 -95.737 44.932
1546 -92.965 44.93
1547 -93.452 44.928
1548 -95.708 44.927
1549 -92.969 44.926
1550 -93.447 44.925
1551 -92.964 44.925
1552 -93.451 44.925
1553 -93.701 44.924
1554 -93.455 44.924
1555 -92.972 44.923
1556 -93.451 44.922
1557 -92.863 44.92
1558 -92.892 44.92
1559 -93.065 44.92
1560 -93.747 44.917
1561 -93.144 44.913
1562 -93.747 44.912
1563 -93.141 44.912
1564 -92.984 44.912
1565 -93.143 44.911
1566 -94.368 44.909
1567 -93.142 44.908
1568 -95.464 44.906
1569 -94.052 44.906
1570 -94.012 44.906
1571 -93.87 44.906
1572 -93.819 44.906
1573 -93.767 44.905
1574 -93.762 44.905
1575 -93.971 44.905
1576 -93.138 44.904
1577 -95.685 44.904
1578 -92.783 44.903
1579 -93.748 44.902
1580 -93.198 44.898
1581 -93.749 44.897
1582 -94.369 44.897
1583 -93.247 44.896
1584 -94.344 44.896
1585 -93.444 44.895
1586 -93.275 44.894
1587 -94.406 44.893
1588 -94.7 44.892
1589 -95.802 44.892
1590 -95.037 44.892
1591 -93.608 44.891
1592 -93.591 44.891
1593 -93.586 44.891
1594 -93.443 44.891
1595 -93.185 44.891
1596 -92.863 44.891
1597 -93.662 44.891
1598 -92.892 44.891
1599 -93.439 44.891
1600 -92.903 44.891
1601 -95.463 44.891
1602 -95.483 44.891
1603 -93.0 44.891
1604 -93.006 44.891
1605 -93.751 44.891
1606 -93.399 44.891
1607 -93.27 44.891
1608 -93.275 44.89
1609 -93.299 44.89
1610 -93.295 44.89
1611 -93.29 44.89
1612 -93.279 44.89
1613 -94.369 44.89
1614 -93.35 44.89
1615 -95.483 44.889
1616 -93.002 44.889
1617 -92.999 44.888
1618 -92.991 44.888
1619 -93.179 44.888
1620 -93.443 44.888
1621 -93.409 44.887
1622 -93.003 44.887
1623 -93.296 44.886
1624 -93.134 44.886
1625 -93.888 44.886
1626 -94.051 44.885
1627 -93.006 44.885
1628 -93.971 44.884
1629 -93.138 44.884
1630 -93.143 44.884
1631 -93.016 44.883
1632 -93.166 44.883
1633 -94.01 44.882
1634 -93.003 44.882
1635 -93.141 44.88
1636 -94.01 44.88
1637 -94.009 44.878
1638 -93.06 44.878
1639 -93.888 44.877
1640 -93.971 44.877
1641 -93.064 44.875
1642 -93.06 44.875
1643 -93.056 44.875
1644 -92.903 44.873
1645 -93.06 44.872
1646 -94.375 44.871
1647 -94.345 44.871
1648 -92.941 44.87
1649 -94.343 44.869
1650 -93.432 44.868
1651 -94.34 44.867
1652 -93.145 44.866
1653 -93.204 44.865
1654 -93.429 44.865
1655 -93.247 44.865
1656 -93.298 44.864
1657 -93.435 44.864
1658 -93.145 44.863
1659 -93.139 44.863
1660 -93.209 44.863
1661 -93.424 44.862
1662 -93.204 44.862
1663 -93.52 44.862
1664 -93.425 44.862
1665 -93.247 44.862
1666 -93.244 44.862
1667 -93.25 44.862
1668 -93.217 44.862
1669 -93.198 44.862
1670 -93.15 44.862
1671 -93.302 44.862
1672 -93.35 44.862
1673 -93.298 44.862
1674 -93.395 44.862
1675 -93.294 44.862
1676 -93.818 44.862
1677 -93.15 44.861
1678 -93.247 44.86
1679 -93.687 44.86
1680 -93.39 44.859
1681 -93.395 44.859
1682 -93.4 44.859
1683 -93.298 44.859
1684 -93.145 44.859
1685 -93.354 44.859
1686 -93.662 44.859
1687 -93.35 44.859
1688 -93.144 44.859
1689 -93.345 44.858
1690 -92.903 44.858
1691 -92.918 44.858
1692 -93.394 44.857
1693 -93.66 44.852
1694 -93.788 44.851
1695 -92.903 44.85
1696 -92.883 44.848
1697 -92.863 44.848
1698 -92.797 44.848
1699 -93.68 44.847
1700 -93.439 44.846
1701 -93.655 44.846
1702 -93.124 44.846
1703 -93.781 44.845
1704 -93.788 44.843
1705 -93.059 44.833
1706 -93.231 44.827
1707 -93.059 44.825
1708 -93.06 44.825
1709 -93.691 44.818
1710 -93.521 44.816
1711 -93.538 44.812
1712 -93.678 44.811
1713 -93.399 44.808
1714 -93.653 44.808
1715 -95.57 44.807
1716 -95.545 44.806
1717 -95.544 44.806
1718 -96.195 44.805
1719 -93.644 44.805
1720 -93.53 44.804
1721 -95.483 44.804
1722 -95.546 44.803
1723 -93.892 44.802
1724 -93.29 44.8
1725 -93.399 44.799
1726 -93.526 44.799
1727 -93.387 44.798
1728 -95.483 44.797
1729 -95.463 44.796
1730 -93.4 44.794
1731 -93.197 44.794
1732 -93.403 44.793
1733 -96.452 44.792
1734 -95.808 44.791
1735 -96.195 44.791
1736 -93.41 44.791
1737 -93.242 44.79
1738 -93.208 44.79
1739 -93.221 44.79
1740 -93.201 44.79
1741 -95.624 44.79
1742 -93.604 44.789
1743 -93.405 44.788
1744 -93.409 44.786
1745 -93.207 44.785
1746 -93.413 44.784
1747 -93.218 44.783
1748 -93.407 44.782
1749 -93.417 44.782
1750 -93.213 44.781
1751 -93.475 44.78
1752 -93.378 44.779
1753 -93.217 44.779
1754 -95.026 44.778
1755 -93.288 44.778
1756 -92.863 44.778
1757 -93.329 44.778
1758 -92.864 44.778
1759 -93.505 44.777
1760 -93.565 44.776
1761 -93.541 44.776
1762 -93.643 44.776
1763 -94.995 44.776
1764 -93.684 44.776
1765 -93.283 44.776
1766 -93.221 44.776
1767 -93.464 44.775
1768 -93.541 44.775
1769 -93.288 44.775
1770 -93.93 44.775
1771 -93.293 44.775
1772 -93.217 44.774
1773 -93.035 44.774
1774 -93.06 44.774
1775 -92.863 44.774
1776 -93.93 44.772
1777 -93.933 44.772
1778 -93.288 44.772
1779 -93.98 44.768
1780 -94.101 44.768
1781 -94.01 44.768
1782 -93.434 44.767
1783 -94.151 44.766
1784 -93.578 44.766
1785 -93.033 44.766
1786 -93.781 44.765
1787 -92.856 44.765
1788 -93.404 44.765
1789 -93.403 44.762
1790 -93.217 44.761
1791 -93.541 44.761
1792 -93.521 44.761
1793 -93.505 44.761
1794 -93.399 44.761
1795 -93.38 44.761
1796 -92.853 44.757
1797 -93.44 44.754
1798 -93.408 44.753
1799 -93.505 44.753
1800 -92.818 44.751
1801 -93.284 44.749
1802 -92.804 44.749
1803 -93.271 44.748
1804 -93.44 44.747
1805 -93.363 44.747
1806 -93.501 44.747
1807 -93.409 44.747
1808 -93.286 44.747
1809 -92.852 44.746
1810 -93.48 44.746
1811 -93.379 44.746
1812 -93.328 44.746
1813 -93.283 44.746
1814 -93.278 44.743
1815 -92.986 44.743
1816 -93.273 44.742
1817 -93.282 44.74
1818 -94.211 44.74
1819 -94.715 44.739
1820 -93.055 44.739
1821 -93.035 44.739
1822 -92.894 44.738
1823 -92.853 44.735
1824 -93.542 44.732
1825 -93.589 44.732
1826 -93.52 44.732
1827 -93.497 44.732
1828 -93.118 44.732
1829 -93.217 44.732
1830 -93.909 44.732
1831 -93.283 44.732
1832 -93.98 44.731
1833 -93.491 44.729
1834 -92.852 44.725
1835 -93.372 44.725
1836 -94.371 44.725
1837 -94.498 44.722
1838 -92.849 44.721
1839 -96.451 44.718
1840 -94.232 44.718
1841 -93.684 44.718
1842 -93.981 44.717
1843 -93.035 44.717
1844 -93.788 44.717
1845 -92.886 44.717
1846 -92.883 44.717
1847 -93.338 44.717
1848 -93.422 44.713
1849 -96.275 44.709
1850 -92.853 44.709
1851 -96.276 44.709
1852 -92.836 44.708
1853 -93.433 44.706
1854 -93.434 44.704
1855 -93.318 44.703
1856 -93.4 44.702
1857 -93.379 44.702
1858 -93.286 44.701
1859 -93.29 44.699
1860 -93.288 44.697
1861 -93.286 44.696
1862 -93.29 44.695
1863 -93.379 44.694
1864 -93.642 44.693
1865 -93.501 44.689
1866 -93.503 44.689
1867 -95.625 44.688
1868 -95.617 44.688
1869 -93.501 44.688
1870 -93.293 44.685
1871 -93.531 44.681
1872 -93.552 44.681
1873 -93.318 44.681
1874 -93.298 44.681
1875 -93.293 44.681
1876 -93.293 44.677
1877 -93.625 44.674
1878 -92.926 44.673
1879 -93.789 44.673
1880 -92.732 44.673
1881 -93.639 44.671
1882 -93.626 44.667
1883 -93.005 44.659
1884 -92.771 44.658
1885 -93.675 44.657
1886 -93.117 44.656
1887 -93.253 44.656
1888 -93.217 44.656
1889 -92.768 44.656
1890 -93.295 44.649
1891 -93.789 44.648
1892 -93.319 44.645
1893 -93.301 44.645
1894 -93.296 44.645
1895 -93.292 44.645
1896 -93.768 44.645
1897 -93.217 44.643
1898 -93.297 44.641
1899 -93.137 44.64
1900 -93.767 44.64
1901 -93.766 44.638
1902 -93.728 44.634
1903 -93.379 44.634
1904 -93.766 44.634
1905 -96.157 44.631
1906 -96.276 44.631
1907 -93.611 44.631
1908 -95.808 44.631
1909 -93.218 44.631
1910 -93.563 44.631
1911 -93.259 44.631
1912 -93.134 44.631
1913 -93.136 44.631
1914 -93.674 44.631
1915 -93.44 44.63
1916 -94.376 44.63
1917 -93.502 44.63
1918 -95.655 44.63
1919 -93.293 44.63
1920 -93.298 44.63
1921 -92.772 44.63
1922 -93.137 44.624
1923 -93.764 44.623
1924 -93.75 44.622
1925 -92.995 44.616
1926 -93.765 44.615
1927 -93.768 44.614
1928 -93.002 44.61
1929 -96.093 44.604
1930 -92.994 44.601
1931 -92.993 44.601
1932 -92.857 44.601
1933 -92.792 44.601
1934 -92.772 44.601
1935 -92.694 44.601
1936 -92.702 44.601
1937 -92.672 44.593
1938 -93.675 44.589
1939 -93.665 44.586
1940 -93.298 44.578
1941 -93.302 44.574
1942 -93.298 44.574
1943 -93.379 44.573
1944 -93.44 44.573
1945 -93.278 44.573
1946 -93.505 44.573
1947 -96.451 44.573
1948 -93.557 44.572
1949 -93.584 44.572
1950 -93.294 44.572
1951 -92.534 44.57
1952 -93.285 44.569
1953 -93.298 44.569
1954 -92.637 44.569
1955 -92.531 44.568
1956 -92.534 44.567
1957 -92.532 44.566
1958 -92.526 44.561
1959 -92.492 44.559
1960 -94.197 44.558
1961 -94.223 44.553
1962 -94.22 44.553
1963 -94.994 44.547
1964 -94.996 44.546
1965 -93.202 44.544
1966 -93.207 44.544
1967 -93.666 44.544
1968 -93.441 44.544
1969 -93.3 44.544
1970 -93.283 44.544
1971 -93.281 44.544
1972 -93.445 44.544
1973 -93.302 44.544
1974 -93.769 44.544
1975 -93.702 44.544
1976 -93.593 44.544
1977 -93.591 44.544
1978 -93.704 44.544
1979 -93.585 44.544
1980 -93.582 44.544
1981 -93.137 44.544
1982 -93.501 44.544
1983 -93.568 44.543
1984 -92.891 44.543
1985 -93.058 44.543
1986 -92.996 44.543
1987 -94.375 44.543
1988 -93.849 44.543
1989 -92.655 44.543
1990 -93.88 44.543
1991 -94.375 44.543
1992 -92.942 44.543
1993 -95.375 44.542
1994 -95.367 44.542
1995 -95.36 44.542
1996 -95.421 44.542
1997 -95.418 44.542
1998 -95.118 44.541
1999 -95.119 44.535
2000 -93.901 44.53
2001 -94.624 44.529
2002 -94.71 44.529
2003 -93.907 44.528
2004 -92.523 44.528
2005 -92.922 44.517
2006 -93.013 44.516
2007 -92.906 44.507
2008 -92.918 44.507
2009 -92.907 44.486
2010 -93.009 44.486
2011 -93.146 44.481
2012 -93.904 44.481
2013 -93.922 44.476
2014 -93.292 44.476
2015 -95.796 44.472
2016 -93.287 44.472
2017 -93.282 44.472
2018 -93.292 44.472
2019 -93.039 44.472
2020 -93.296 44.472
2021 -93.251 44.471
2022 -93.25 44.471
2023 -93.009 44.471
2024 -93.18 44.471
2025 -93.224 44.471
2026 -93.156 44.471
2027 -93.13 44.471
2028 -93.292 44.468
2029 -93.14 44.468
2030 -95.756 44.463
2031 -96.262 44.46
2032 -95.807 44.459
2033 -96.425 44.459
2034 -93.161 44.458
2035 -95.554 44.458
2036 -95.594 44.458
2037 -94.374 44.457
2038 -94.201 44.457
2039 -94.388 44.457
2040 -93.936 44.457
2041 -93.189 44.457
2042 -94.718 44.456
2043 -93.164 44.455
2044 -93.172 44.455
2045 -92.275 44.454
2046 -95.797 44.453
2047 -95.745 44.451
2048 -95.756 44.451
2049 -92.267 44.449
2050 -95.789 44.447
2051 -96.079 44.445
2052 -95.826 44.443
2053 -95.816 44.443
2054 -96.452 44.442
2055 -95.774 44.437
2056 -94.717 44.434
2057 -93.19 44.432
2058 -95.786 44.431
2059 -95.816 44.429
2060 -95.77 44.429
2061 -94.19 44.413
2062 -95.127 44.413
2063 -94.925 44.412
2064 -95.127 44.406
2065 -92.032 44.386
2066 -93.524 44.385
2067 -93.605 44.384
2068 -94.866 44.373
2069 -92.04 44.371
2070 -92.799 44.365
2071 -93.979 44.35
2072 -93.951 44.349
2073 -94.725 44.341
2074 -93.311 44.334
2075 -93.293 44.334
2076 -94.511 44.326
2077 -93.955 44.326
2078 -94.44 44.325
2079 -94.454 44.325
2080 -93.953 44.325
2081 -93.295 44.323
2082 -94.439 44.323
2083 -93.272 44.323
2084 -93.302 44.323
2085 -93.299 44.32
2086 -94.466 44.319
2087 -93.297 44.318
2088 -93.304 44.318
2089 -93.965 44.314
2090 -95.958 44.313
2091 -93.968 44.312
2092 -93.989 44.312
2093 -93.291 44.31
2094 -93.959 44.307
2095 -92.0 44.3
2096 -93.984 44.299
2097 -92.79 44.298
2098 -94.725 44.297
2099 -93.309 44.295
2100 -93.29 44.294
2101 -93.305 44.293
2102 -92.684 44.292
2103 -93.308 44.292
2104 -93.242 44.291
2105 -93.312 44.29
2106 -93.308 44.287
2107 -92.422 44.283
2108 -92.67 44.282
2109 -92.669 44.281
2110 -92.98 44.279
2111 -92.981 44.278
2112 -94.19 44.276
2113 -94.2 44.275
2114 -94.432 44.274
2115 -93.04 44.273
2116 -92.985 44.272
2117 -94.19 44.271
2118 -93.296 44.271
2119 -92.551 44.27
2120 -96.452 44.269
2121 -92.651 44.267
2122 -94.432 44.266
2123 -96.288 44.266
2124 -96.285 44.262
2125 -94.371 44.25
2126 -96.079 44.245
2127 -95.957 44.24
2128 -96.047 44.24
2129 -95.755 44.24
2130 -95.593 44.239
2131 -93.959 44.239
2132 -95.128 44.239
2133 -95.108 44.239
2134 -93.525 44.218
2135 -93.558 44.213
2136 -96.078 44.212
2137 -93.768 44.206
2138 -93.972 44.201
2139 -94.194 44.2
2140 -94.022 44.2
2141 -96.308 44.198
2142 -94.02 44.198
2143 -93.652 44.197
2144 -92.924 44.197
2145 -94.02 44.197
2146 -96.09 44.197
2147 -95.957 44.197
2148 -92.785 44.196
2149 -93.525 44.196
2150 -95.749 44.196
2151 -93.255 44.196
2152 -93.643 44.196
2153 -93.652 44.196
2154 -93.522 44.196
2155 -93.589 44.196
2156 -95.121 44.195
2157 -92.602 44.195
2158 -92.422 44.194
2159 -91.869 44.193
2160 -94.194 44.193
2161 -94.016 44.192
2162 -94.014 44.191
2163 -94.009 44.191
2164 -93.982 44.189
2165 -94.01 44.184
2166 -94.06 44.183
2167 -94.053 44.181
2168 -93.949 44.175
2169 -93.995 44.175
2170 -94.005 44.17
2171 -92.549 44.169
2172 -94.004 44.169
2173 -94.003 44.168
2174 -93.972 44.167
2175 -93.949 44.167
2176 -93.946 44.167
2177 -93.891 44.167
2178 -94.016 44.166
2179 -94.001 44.166
2180 -92.419 44.166
2181 -92.319 44.166
2182 -94.017 44.165
2183 -92.165 44.165
2184 -94.02 44.16
2185 -93.828 44.155
2186 -94.063 44.152
2187 -94.078 44.149
2188 -93.964 44.148
2189 -93.954 44.146
2190 -94.085 44.145
2191 -94.118 44.144
2192 -93.768 44.138
2193 -93.959 44.135
2194 -93.959 44.123
2195 -94.021 44.123
2196 -93.707 44.116
2197 -94.718 44.109
2198 -94.642 44.109
2199 -94.419 44.109
2200 -92.244 44.107
2201 -93.245 44.105
2202 -93.507 44.099
2203 -93.245 44.099
2204 -93.245 44.095
2205 -93.25 44.095
2206 -93.24 44.095
2207 -93.266 44.095
2208 -92.512 44.095
2209 -93.244 44.091
2210 -93.244 44.089
2211 -93.406 44.087
2212 -93.246 44.084
2213 -93.241 44.084
2214 -93.228 44.084
2215 -93.209 44.082
2216 -93.536 44.082
2217 -93.248 44.08
2218 -93.474 44.08
2219 -93.478 44.08
2220 -92.508 44.079
2221 -93.507 44.078
2222 -93.191 44.078
2223 -93.484 44.077
2224 -94.369 44.075
2225 -95.746 44.073
2226 -92.448 44.07
2227 -93.252 44.07
2228 -91.717 44.066
2229 -93.195 44.066
2230 -94.418 44.066
2231 -93.251 44.063
2232 -91.637 44.063
2233 -92.498 44.062
2234 -93.124 44.06
2235 -93.226 44.059
2236 -92.454 44.059
2237 -93.245 44.059
2238 -93.189 44.059
2239 -93.251 44.059
2240 -93.196 44.059
2241 -93.497 44.058
2242 -94.399 44.055
2243 -91.689 44.054
2244 -93.25 44.054
2245 -92.899 44.052
2246 -93.045 44.052
2247 -94.59 44.051
2248 -94.639 44.051
2249 -95.12 44.05
2250 -94.859 44.05
2251 -91.701 44.044
2252 -92.518 44.037
2253 -95.462 44.036
2254 -92.859 44.033
2255 -92.859 44.032
2256 -92.559 44.032
2257 -92.488 44.031
2258 -92.468 44.03
2259 -92.463 44.03
2260 -91.622 44.03
2261 -92.678 44.028
2262 -92.468 44.028
2263 -92.463 44.028
2264 -91.6 44.026
2265 -91.64 44.023
2266 -92.748 44.023
2267 -92.419 44.012
2268 -92.394 44.012
2269 -92.379 44.01
2270 -92.482 44.007
2271 -96.453 44.007
2272 -92.463 44.007
2273 -92.509 44.004
2274 -96.307 44.003
2275 -96.307 44.002
2276 -92.249 43.999
2277 -93.768 43.999
2278 -95.944 43.999
2279 -92.497 43.999
2280 -96.3 43.994
2281 -96.307 43.994
2282 -96.312 43.994
2283 -96.064 43.994
2284 -95.952 43.994
2285 -95.945 43.993
2286 -95.751 43.993
2287 -94.629 43.983
2288 -94.628 43.982
2289 -94.429 43.98
2290 -94.429 43.978
2291 -92.462 43.977
2292 -92.453 43.975
2293 -92.079 43.971
2294 -94.619 43.968
2295 -94.665 43.961
2296 -91.686 43.96
2297 -91.686 43.959
2298 -92.239 43.959
2299 -91.68 43.957
2300 -91.686 43.957
2301 -91.692 43.955
2302 -92.245 43.955
2303 -92.233 43.955
2304 -92.239 43.955
2305 -92.362 43.953
2306 -92.352 43.953
2307 -92.079 43.952
2308 -92.239 43.952
2309 -92.358 43.951
2310 -92.364 43.949
2311 -92.354 43.948
2312 -94.859 43.948
2313 -91.74 43.943
2314 -91.733 43.941
2315 -91.746 43.941
2316 -91.74 43.941
2317 -91.74 43.937
2318 -93.698 43.929
2319 -93.947 43.928
2320 -91.363 43.918
2321 -92.488 43.917
2322 -92.477 43.917
2323 -91.601 43.916
2324 -91.368 43.916
2325 -91.602 43.916
2326 -91.597 43.915
2327 -91.591 43.914
2328 -91.363 43.914
2329 -91.596 43.912
2330 -91.359 43.911
2331 -92.48 43.91
2332 -93.915 43.899
2333 -92.238 43.899
2334 -92.859 43.892
2335 -92.678 43.892
2336 -93.486 43.892
2337 -92.487 43.892
2338 -94.173 43.892
2339 -93.697 43.891
2340 -93.768 43.891
2341 -93.728 43.891
2342 -94.369 43.891
2343 -94.429 43.891
2344 -92.488 43.888
2345 -94.168 43.888
2346 -92.482 43.887
2347 -92.488 43.885
2348 -92.494 43.883
2349 -92.488 43.882
2350 -93.056 43.878
2351 -93.407 43.877
2352 -95.113 43.876
2353 -93.277 43.874
2354 -95.592 43.872
2355 -93.052 43.87
2356 -93.045 43.87
2357 -93.281 43.87
2358 -93.277 43.87
2359 -93.272 43.87
2360 -93.277 43.866
2361 -95.115 43.862
2362 -95.463 43.862
2363 -91.309 43.86
2364 -91.3 43.858
2365 -91.306 43.858
2366 -91.302 43.858
2367 -93.045 43.856
2368 -92.489 43.856
2369 -91.303 43.855
2370 -95.115 43.855
2371 -92.111 43.854
2372 -92.192 43.851
2373 -96.4 43.85
2374 -92.192 43.85
2375 -96.453 43.85
2376 -96.408 43.849
2377 -95.942 43.849
2378 -95.937 43.849
2379 -92.869 43.849
2380 -92.86 43.849
2381 -96.242 43.849
2382 -93.038 43.848
2383 -93.285 43.848
2384 -93.483 43.848
2385 -95.102 43.848
2386 -94.696 43.848
2387 -93.728 43.848
2388 -95.12 43.848
2389 -93.835 43.848
2390 -94.163 43.848
2391 -95.593 43.848
2392 -94.428 43.848
2393 -92.172 43.847
2394 -92.105 43.847
2395 -92.191 43.847
2396 -91.298 43.847
2397 -91.636 43.847
2398 -91.752 43.847
2399 -92.187 43.844
2400 -91.299 43.836
2401 -92.489 43.834
2402 -92.553 43.834
2403 -95.175 43.83
2404 -91.304 43.825
2405 -91.273 43.818
2406 -91.305 43.809
2407 -91.753 43.808
2408 -91.753 43.806
2409 -91.753 43.798
2410 -91.73 43.793
2411 -91.303 43.792
2412 -91.551 43.763
2413 -91.569 43.763
2414 -91.345 43.763
2415 -94.165 43.76
2416 -93.727 43.749
2417 -92.695 43.713
2418 -95.453 43.711
2419 -92.479 43.711
2420 -92.477 43.711
2421 -92.449 43.711
2422 -92.7 43.71
2423 -92.694 43.71
2424 -92.705 43.707
2425 -92.99 43.706
2426 -93.648 43.703
2427 -92.99 43.7
2428 -92.979 43.696
2429 -93.413 43.691
2430 -93.422 43.69
2431 -92.389 43.69
2432 -92.387 43.69
2433 -93.363 43.689
2434 -93.32 43.689
2435 -93.359 43.688
2436 -93.418 43.688
2437 -93.354 43.687
2438 -92.094 43.685
2439 -93.414 43.685
2440 -93.359 43.685
2441 -93.328 43.685
2442 -93.423 43.685
2443 -93.321 43.684
2444 -92.993 43.683
2445 -92.979 43.683
2446 -94.448 43.683
2447 -93.314 43.682
2448 -92.993 43.681
2449 -94.448 43.681
2450 -92.988 43.681
2451 -92.984 43.681
2452 -92.974 43.681
2453 -92.979 43.68
2454 -92.998 43.68
2455 -94.444 43.679
2456 -94.441 43.679
2457 -93.322 43.679
2458 -94.447 43.679
2459 -94.45 43.679
2460 -92.979 43.678
2461 -92.993 43.678
2462 -94.447 43.675
2463 -93.323 43.675
2464 -92.869 43.674
2465 -92.947 43.674
2466 -92.939 43.674
2467 -92.93 43.674
2468 -92.935 43.674
2469 -94.427 43.674
2470 -92.948 43.672
2471 -92.939 43.672
2472 -94.417 43.672
2473 -92.864 43.671
2474 -92.874 43.671
2475 -92.869 43.671
2476 -93.016 43.67
2477 -93.576 43.669
2478 -93.323 43.669
2479 -92.869 43.668
2480 -94.734 43.668
2481 -93.399 43.668
2482 -93.327 43.667
2483 -93.323 43.667
2484 -93.015 43.667
2485 -93.02 43.667
2486 -93.583 43.666
2487 -92.98 43.666
2488 -92.973 43.666
2489 -93.577 43.666
2490 -92.993 43.666
2491 -92.99 43.666
2492 -94.247 43.666
2493 -93.648 43.666
2494 -93.571 43.666
2495 -94.727 43.666
2496 -92.979 43.666
2497 -92.962 43.665
2498 -94.733 43.665
2499 -94.098 43.664
2500 -93.023 43.664
2501 -93.203 43.664
2502 -94.739 43.664
2503 -93.321 43.664
2504 -93.578 43.663
2505 -92.035 43.663
2506 -93.728 43.662
2507 -94.731 43.661
2508 -93.197 43.661
2509 -93.029 43.66
2510 -94.089 43.66
2511 -94.097 43.66
2512 -94.105 43.66
2513 -93.189 43.66
2514 -93.049 43.66
2515 -93.203 43.66
2516 -93.329 43.66
2517 -93.721 43.66
2518 -93.325 43.66
2519 -94.512 43.659
2520 -93.648 43.659
2521 -93.319 43.659
2522 -93.332 43.659
2523 -93.578 43.659
2524 -93.316 43.659
2525 -93.728 43.658
2526 -93.734 43.656
2527 -94.095 43.656
2528 -93.321 43.654
2529 -94.854 43.653
2530 -94.727 43.652
2531 -94.247 43.652
2532 -94.447 43.652
2533 -94.407 43.652
2534 -93.36 43.651
2535 -92.95 43.651
2536 -95.594 43.649
2537 -93.369 43.648
2538 -95.55 43.648
2539 -93.411 43.648
2540 -93.391 43.647
2541 -95.933 43.647
2542 -94.774 43.646
2543 -94.854 43.646
2544 -94.957 43.645
2545 -94.958 43.645
2546 -94.994 43.645
2547 -95.555 43.644
2548 -95.933 43.644
2549 -94.09 43.644
2550 -95.928 43.644
2551 -95.938 43.644
2552 -94.994 43.643
2553 -95.174 43.643
2554 -91.498 43.642
2555 -96.213 43.642
2556 -94.989 43.641
2557 -95.561 43.64
2558 -95.594 43.64
2559 -94.995 43.64
2560 -96.213 43.639
2561 -96.22 43.639
2562 -96.206 43.639
2563 -95.001 43.639
2564 -95.181 43.639
2565 -95.174 43.639
2566 -95.167 43.639
2567 -95.564 43.638
2568 -95.454 43.638
2569 -95.598 43.638
2570 -95.594 43.638
2571 -95.589 43.638
2572 -95.623 43.638
2573 -96.053 43.638
2574 -94.09 43.638
2575 -95.573 43.637
2576 -95.562 43.637
2577 -95.565 43.637
2578 -94.995 43.636
2579 -96.213 43.636
2580 -95.594 43.635
2581 -95.174 43.635
2582 -95.57 43.635
2583 -93.394 43.633
2584 -95.58 43.631
2585 -93.328 43.628
2586 -93.331 43.625
2587 -95.579 43.62
2588 -93.337 43.617
2589 -95.174 43.617
2590 -95.562 43.616
2591 -95.454 43.616
2592 -93.345 43.615
2593 -94.994 43.615
2594 -93.344 43.613
2595 -93.342 43.612
2596 -96.432 43.611
2597 -93.337 43.609
2598 -96.453 43.609
2599 -96.436 43.609
2600 -96.428 43.609
2601 -96.432 43.609
2602 -96.384 43.609
2603 -96.376 43.609
2604 -96.37 43.609
2605 -93.345 43.608
2606 -96.382 43.606
2607 -95.618 43.603
2608 -91.512 43.602
2609 -94.447 43.601
2610 -96.453 43.589
2611 -95.654 43.561
2612 -92.01 43.557
2613 -92.37 43.544
2614 -92.01 43.544
2615 -95.174 43.53
2616 -91.73 43.527
2617 -91.77 43.524
2618 -91.87 43.515
2619 -92.369 43.508
2620 -92.449 43.508
2621 -95.176 43.501
2622 -91.285 43.501
2623 -95.181 43.501
2624 -94.786 43.501
2625 -95.115 43.501
2626 -94.447 43.501
2627 -91.465 43.501
2628 -92.009 43.501
2629 -91.871 43.501
2630 -94.994 43.501
2631 -92.369 43.5
2632 -96.209 43.5
2633 -96.198 43.5
2634 -94.088 43.5
2635 -95.694 43.5
2636 -95.643 43.5
2637 -92.944 43.5
2638 -93.247 43.5
2639 -93.353 43.5
2640 -93.493 43.499
