1 165.0 2639.0
2 210.0 2639.0
3 515.0 5277.0
4 243.0 2639.0
5 308.0 2639.0
6 325.0 2639.0
7 514.0 7914.0
8 165.0 2639.0
9 3444.7498779 55695.3991743
10 3303.78321123 52349.3281065
11 4041.83263126 58555.1137775
12 3063.34227717 48671.5716401
13 3492.7498779 57982.065841
14 187.0 2639.0
15 894.0 13182.0
16 1165.4 16291.5190476
17 710.523809524 10045.1192337
18 379.0 2639.0
19 4001.41654457 62951.7325077
20 6315.98790654 84326.586924
21 2699.68037241 41500.5670246
22 575.326190476 5964.65306204
23 5513.02838273 78157.817718
24 2285.46727717 34331.4528662
25 272.0 2639.0
26 620.866666667 5544.48360626
27 970.619191919 8100.43621031
28 526.155555556 4127.76550111
29 422.044444444 3518.49821473
30 677.219444444 5200.40523274
31 1241.75530303 9920.61341827
32 2611.99212454 36975.5261264
33 728.733333333 10082.6953738
34 203.0 2639.0
35 2374.81562882 30784.8369867
36 915.988888889 6755.59883444
37 952.089141414 7028.62108063
38 3187.01088079 26399.6393868
39 3364.40858586 27676.9969218
40 534.679761905 5143.1481544
41 537.936752137 7471.57770367
42 779.508180708 9556.79458273
43 1598.03064713 18448.1111299
44 2119.92310745 18787.8856778
45 6294.63824509 91501.1425021
46 199.0 2639.0
47 726.87008547 9673.28605624
48 5117.21015096 57992.1498729
49 3912.47063492 42883.2936952
50 6239.25571096 108801.279112
51 5827.92997558 100973.596583
52 3375.14755245 28919.1252456
53 950.841514042 11272.0015866
54 377.566666667 3389.91645022
55 1914.82112332 20324.3125797
56 428.516666667 3655.73422764
57 2286.73904151 19870.6987964
58 1151.645116 14529.2954735
59 306.0 2639.0
60 1968.48778999 19384.7938345
61 935.053418803 11229.8733124
62 2140.09612332 20553.4028396
63 1563.58675214 14990.5784701
64 208.0 2639.0
65 3938.43628316 52343.3215149
66 895.885561661 5961.48913062
67 3501.97857143 37347.2042326
68 1778.13556166 19514.9549098
69 1504.9034188 16265.7291271
70 1540.4265873 8621.8427642
71 883.441514042 10362.8968535
72 591.591666667 5515.07987911
73 126.0 2639.0
74 713.925 6253.61525401
75 1027.90818071 11848.2230891
76 903.091666667 7888.7685625
77 2000.95238095 12498.7539312
78 1305.5047619 6315.56372025
79 1894.36874237 19435.2878504
80 2267.5686863 13137.214413
81 3721.90281328 19593.446623
82 3329.93046896 29512.4917206
83 2986.16755189 30885.7816925
84 1842.11159951 30155.4226619
85 823.796428571 3976.89206255
86 3760.24920635 41065.8293477
87 109.0 2639.0
88 4843.77777778 45522.2823943
89 2620.70672049 14348.8520611
90 4857.49298466 50664.6245652
91 2877.79005382 16179.3689386
92 2793.28768163 24354.8867616
93 2365.35487749 25711.8131897
94 3603.88240398 30389.6586327
95 3429.58046896 31864.1417206
96 5575.50709873 65409.7786111
97 92.0 2639.0
98 3216.97857143 33369.6275154
99 656.53968254 7844.24951357
100 4181.88767983 62127.3364115
101 1069.91485222 4966.79278589
102 290.0 7914.0
103 1075.60145869 8168.80320335
104 1003.40600414 7633.32162062
105 345.157575758 4177.19297962
106 218.0 2639.0
107 609.732683983 3951.38972336
108 713.58030303 7364.09347463
109 2736.38253968 14510.228889
110 984.021084471 11264.0856117
111 220.0 2639.0
112 251.0 2639.0
113 533.437301587 3355.96709957
114 1151.51156066 15749.7685121
115 915.148091763 8184.55663953
116 92.0 2639.0
117 1212.16156066 17904.2734905
118 2589.68809524 42261.5635569
119 4348.6047619 63896.3793697
120 690.355555556 2966.02007437
121 3472.25871351 66312.7974863
122 3533.75871351 67511.6482134
123 735.925 4332.82504548
124 1523.3422686 10141.4762281
125 5957.76763514 75710.3476386
126 2336.41018149 13434.2439982
127 6073.86505863 43974.556513
128 1530.44482462 9648.88410993
129 4530.56380564 36677.264986
130 5467.63311133 79983.9494627
131 3639.41380229 34295.975054
132 1537.13530081 11009.1023575
133 7305.55609538 66390.4121538
134 3188.46428571 31029.751538
135 3429.75873016 33457.0459824
136 4009.42539683 30641.8406987
137 2407.42142857 17683.7127091
138 2243.8547619 15267.1460424
139 555.05 4268.60791986
140 3517.84253524 24847.0367926
141 6618.90633256 101867.221337
142 759.346825397 9989.60384257
143 906.119162537 5545.75803989
144 2108.90502276 11273.0271779
145 2117.55095738 12290.6537852
146 4247.23095793 75810.0738651
147 515.0 13182.0
148 3551.4728799 24472.9925507
149 5276.51032301 35988.3204877
150 1734.87979733 12887.3069731
151 9340.59673105 119777.835624
152 1924.60442858 32485.9276872
153 5204.87544297 71153.6633104
154 2971.34285714 52913.5967652
155 504.216666667 3581.43096071
156 1400.45364732 11113.6649782
157 681.964285714 13846.9642857
158 3509.15200595 37271.7660667
159 2098.91762404 11113.2166719
160 1289.92947012 7769.28001917
161 682.138095238 3003.13809524
162 1133.81616475 8622.96080026
163 3130.77426678 40074.6734566
164 537.783333333 3427.76984127
165 1688.86276191 33613.1894498
166 3223.94978826 48992.0608855
167 1445.90187747 8267.9480941
168 1988.66055056 24203.6232266
169 1444.87756949 10478.8928961
170 1846.62109524 35857.5876511
171 297.0 2639.0
172 4033.54938741 51755.1156709
173 589.421428571 3253.08722944
174 3126.11645492 51164.0608855
175 1097.3992785 3659.7524531
176 521.454761905 3871.72812617
177 658.871428571 5900.47899197
178 1474.27417705 9850.64211019
179 990.816666667 8471.42423007
180 4386.77259584 63713.7323531
181 3956.94211161 32830.3020979
182 269.0 5277.0
183 647.0 15809.0
184 1055.0 23699.0
185 548.382323232 3730.23306951
186 5729.56247679 73277.8739176
187 501.833333333 11245.3333333
188 3110.7597667 12190.067258
189 6524.96749108 79834.9237222
190 2805.3452381 50427.7658128
191 3701.83809524 50196.7962713
192 680.717797317 3227.20219945
193 2260.77109524 39453.7043177
194 1436.43333333 6036.28086621
195 2248.48096903 29719.1356612
196 1825.61970399 6141.314926
197 3523.67320261 30128.4336089
198 2695.25788182 17374.3995765
199 2138.8047619 10330.3852532
200 1221.86904762 26325.3690476
201 1288.87142857 7510.59914499
202 3154.17615122 23310.8777291
203 748.4 6205.35970178
204 588.471428571 3817.34366399
205 2289.89285714 47996.7915549
206 3443.3047619 51102.1401746
207 583.354761905 4823.13273603
208 884.966666667 9182.75647445
209 5541.17404042 59518.8252039
210 2539.14590777 38315.6392775
211 5236.83209903 56440.9114596
212 2607.05662205 40232.4745878
213 8321.70038785 135134.856487
214 621.433333333 4637.38620269
215 473.795238095 2915.49515433
216 6103.75002832 57664.3589532
217 1339.28333333 14712.7340996
218 1709.18847394 6332.84324092
219 1610.56269841 7520.86241851
220 1071.79761905 5533.61051059
221 1618.11190476 17916.8837695
222 1228.92607381 8500.70607923
223 4713.40041287 62413.8223852
224 4135.58646426 44496.3820228
225 2407.4976357 32150.1523279
226 1643.07770971 8322.1673826
227 828.549422799 4514.36050229
228 526.562658828 2796.67728864
229 1066.0177419 7768.51055086
230 585.383333333 2907.38333333
231 2454.73809524 51031.0251693
232 1888.008377 15528.0095598
233 1203.38737374 8670.75832649
234 1545.96269841 8190.55210105
235 1580.36190476 19945.2608599
236 1278.18888889 9222.1526045
237 917.311904762 5976.06148734
238 1001.66190476 6739.19151973
239 779.728571429 4408.80785274
240 1450.92698413 11291.0092431
241 940.716666667 7663.16700032
242 1085.03571429 20328.0357143
243 2216.12857143 52535.8317328
244 3905.15714286 74655.2363499
245 1323.72070707 10793.5583265
246 1899.39315407 17500.1582785
247 1032.66190476 7736.92916157
248 909.832611833 7863.6076717
249 3806.86320901 30926.6929928
250 2392.49521035 20522.5629954
251 1732.37142857 13719.1943069
252 1347.29761905 27634.9642857
253 1185.38333333 10051.333667
254 3188.65299145 23726.5215591
255 2137.88806749 19771.230913
256 1623.4702381 7259.738123
257 3078.31944444 22870.4102077
258 6948.7976912 39555.0292024
259 2492.0202381 15318.5189131
260 5776.7202381 89781.2908494
261 1486.65357143 5763.44344133
262 5236.02150072 20575.1363506
263 5400.64362859 48524.0595284
264 2328.06663892 21567.0279107
265 2131.3452381 8538.14791985
266 7841.1492341 104076.98137
267 355.0 2639.0
268 2916.3476357 37188.5023279
269 1325.03809524 23000.8714286
270 9031.99045562 143227.264038
271 7484.55804359 109599.539335
272 3351.42614608 88002.6563889
273 4622.93850757 40214.471363
274 9702.89155904 97005.8757079
275 2627.23914962 27259.4255616
276 6812.24933122 88470.7104032
277 2025.18795914 25062.9733674
278 6783.8167682 104726.174952
279 1782.12820872 11531.2362088
280 10906.3558192 202999.439401
281 7590.63289705 104551.150748
282 3215.29027892 31451.5484334
283 3304.38096903 40209.8485976
284 725.798484848 2989.21515152
285 5773.39491342 36411.7880369
286 862.583569698 4206.36927478
287 1219.4629684 5896.97472088
288 1385.39014286 12983.8867248
289 1514.63611356 14971.3548957
290 794.007379222 3862.67303216
291 8243.56368354 187038.9017
292 754.615506716 3071.23360528
293 1622.86775447 9509.82950817
294 6536.86010379 73150.4927781
295 2052.41047155 14584.9229362
296 1125.10079365 4880.69486313
297 869.438888889 3374.91511148
298 4917.60809909 57278.1776617
299 1820.21566081 15966.3900169
300 9871.71606449 209488.965667
301 2518.29700577 11479.7389957
302 7872.68349115 100182.787007
303 5574.05326594 35489.7589086
304 7879.26540718 40370.9241214
305 8293.40004114 60930.8298622
306 1814.86468499 17198.9757749
307 1249.12777778 10512.8942937
308 1102.17301587 8434.47588211
309 1443.75634921 4338.64363933
310 1205.87301587 5057.08865924
311 1092.87301587 6614.51629082
312 2183.55700169 6747.65313561
313 5025.35697346 84499.7796035
314 5931.30676799 47677.5897307
315 1918.63033911 6834.88526534
316 3356.01841655 39179.6053313
317 4069.73810079 43939.2734944
318 6978.31270674 174942.323379
319 1558.9047619 12850.0015268
320 2128.41190476 9269.74177807
321 2312.35343027 10458.1406103
322 4449.33585418 59617.992547
323 448.0 2639.0
324 3590.84079809 91865.4467555
325 8890.40007982 144866.707733
326 7643.46783706 147349.071713
327 5443.66927631 129313.354195
328 8733.55869017 184864.7846
329 9215.65880998 160541.015832
330 2136.46566081 18228.9517201
331 2738.69079809 92547.8333557
332 1322.36666667 3693.62238186
333 1804.59047619 21033.5110509
334 3523.4453313 40181.5223975
335 4514.73571429 51265.2361114
336 5070.36457203 48178.1771874
337 4181.30238095 47734.9838706
338 6215.78127428 144477.740771
339 6001.24274663 72387.2036281
340 7425.4773976 177677.214874
341 8934.15704165 157496.98565
342 930.0 5277.0
343 443.0 2639.0
344 6847.24590932 141317.201621
345 7426.62619048 122507.904231
346 6789.66309524 123826.158536
347 1218.42380952 7340.67771754
348 1.0 1.0
349 1.0 1.0
350 9325.10681818 82001.9202221
351 10034.2130122 219385.177353
352 3766.28661616 39989.6552892
353 16978.7441198 318429.912446
354 3975.45328283 38625.159357
355 1733.9255772 6066.70073954
356 1134.75714286 6438.64926822
357 284.0 2639.0
358 10637.0706679 93864.8858172
359 3601.73415992 28400.1864599
360 9120.59903695 126377.063753
361 3573.31915584 27783.8743971
362 1577.21190476 15094.8193451
363 600.0 5277.0
364 2575.13748196 15925.5200847
365 2063.00891053 12011.1507384
366 293.0 2639.0
367 1512.09224387 12412.4242462
368 1233.1755772 12654.567462
369 283.0 2639.0
370 2025.68571429 26138.3536495
371 1864.95238095 23887.6346019
372 3148.7452381 26658.1129842
373 311.0 2639.0
374 7294.23139965 177590.480779
375 5938.10619405 98954.3330205
376 3138.3952381 32889.2080848
377 827.75 3112.75
378 537.25 2822.75
379 955.175577201 11718.1057669
380 1704.10725108 10704.50118
381 4085.81569754 69289.5697777
382 240.0 2639.0
383 511.0 5277.0
384 831.107251082 6350.81546345
385 1640.96616162 21083.0691924
386 1078.84058442 7602.53844431
387 714.873917749 6542.10531192
388 8170.62142857 132788.758245
389 1602.50725108 11379.2433206
390 641.733333333 5922.07547398
391 16798.7289683 292218.107274
392 3062.91666667 53911.5267575
393 3110.78809524 57320.2027847
394 3307.7047619 59734.1194513
395 1101.69047619 7367.1022006
396 1392.43333333 20655.44016
397 2798.33333333 51381.0656464
398 290.0 2639.0
399 3268.24520896 94760.4116056
400 2156.7665255 12056.6589131
401 1623.48383838 22983.9236119
402 3589.33177897 30012.282524
403 4756.94224387 40204.2409035
404 3431.86994949 32741.6957829
405 5934.47918157 45983.8626486
406 3789.24723218 111495.70252
407 2736.58333333 49151.3920575
408 1533.98333333 6506.1859964
409 1112.87380952 8602.77240471
410 5617.88042562 139645.484657
411 3335.18809524 47719.2561542
412 2272.81717172 28199.2569452
413 5284.54430847 95801.7448997
414 7935.11595512 204928.836949
415 3147.07857143 13158.3257423
416 3649.75080361 110979.366998
417 340.0 2639.0
418 2157.15952381 17771.9067314
419 2592.88809524 26066.2787312
420 4997.83333333 71000.0554603
421 729.995238095 10568.9920155
422 1173.45714286 10200.3329164
423 1349.01190476 19830.0209838
424 4687.33333333 68457.5554603
425 1209.3452381 17412.8543171
426 3019.42402597 21433.1300423
427 713.895238095 3881.50068543
428 949.645238095 6020.84155844
429 764.895238095 3504.65822511
430 873.478571429 5740.1452381
431 156.0 2639.0
432 11238.2643579 268808.874543
433 2412.91666667 34144.2648861
434 4844.61111111 37056.023826
435 2974.31190476 32593.3267908
436 2001.33333333 26958.4166667
437 1283.0 18437.0
438 1426.66666667 6972.77787307
439 333.0 5277.0
440 1060.0 15809.0
441 855.0 13183.0
442 6906.32588017 156581.685091
443 333.0 5277.0
444 156.0 2639.0
445 3042.64277748 27035.0094962
446 1259.66666667 4400.77787307
447 1350.16666667 8978.66666667
448 1174.83333333 10772.7221269
449 366.0 5277.0
450 1183.28214286 4958.59930532
451 1371.0 26336.3054603
452 1728.5 24565.8887936
453 1245.66666667 13215.5554603
454 905.833333333 9620.41666667
455 1567.33333333 28847.5554603
456 2423.16666667 38979.3054603
457 2254.66666667 36540.3054603
458 3146.59990842 14534.4960428
459 173.0 2639.0
460 582.166666667 5300.16666667
461 339.5 2714.5
462 4583.27777778 34590.6904927
463 3919.26896796 26626.920197
464 3440.63748384 56073.2551239
465 1501.86666667 6913.02196105
466 2017.24472554 6723.11412396
467 1701.0 24375.0833333
468 342.833333333 2717.83333333
469 4765.70916763 75320.5591558
470 5380.83621934 160611.002417
471 1883.83333333 22249.0833333
472 704.0 3085.66666667
473 1072.33333333 10486.8333333
474 1109.33333333 14383.75
475 673.0 3053.16666667
476 1365.83333333 13063.3333333
477 1071.0 8174.66666667
478 3009.48888889 24667.9794455
479 480.166666667 2862.33333333
480 1381.65555556 9085.64611216
481 471.166666667 2853.33333333
482 695.666666667 5425.83333333
483 1443.52777778 9969.73132139
484 346.0 2693.0
485 920.666666667 11841.3333333
486 782.572222222 6298.12762715
487 783.122222222 8317.6407502
488 1405.62222222 7522.54438055
489 491.088888889 3979.58888889
490 1242.03888889 7295.57576584
491 773.616666667 5335.07380319
492 4709.72391775 92437.6711533
493 920.922222222 10649.9316656
494 901.566666667 7919.31672562
495 14516.0375902 309820.56476
496 1853.58888889 18215.3602371
497 5166.12391775 100033.327505
498 784.166666667 7354.58692625
499 1442.25555556 15626.0269037
500 777.0 9330.58333333
501 563.25 2802.58333333
502 4322.1715368 97934.9711906
503 4546.37950938 40238.770557
504 1066.66666667 13477.4166667
505 1024.94532967 5807.22505115
506 947.3 9689.87784167
507 1216.92222222 13184.264999
508 560.083333333 3346.02374986
509 452.0 2639.0
510 2271.12395382 19461.7436533
511 2126.36839827 17139.5595263
512 502.0 2757.57142857
513 293.0 5277.0
514 2659.93903205 41300.791914
515 5698.74047619 61162.7133944
516 698.741414141 3114.73571946
517 6896.10010823 122001.669657
518 2512.23333333 22656.3838299
519 3189.91666667 21753.2011377
520 3673.33333333 26450.846251
521 3104.55050505 32466.5490698
522 7904.47142857 73306.6923696
523 139.0 2639.0
524 6715.95952381 68126.9677136
525 2200.99472554 9951.77765375
526 155.0 2639.0
527 621.0 10549.0
528 273.0 2639.0
529 1289.91666667 5992.47963807
530 7331.61013709 160048.252956
531 518.0 2639.0
532 5375.66388889 116838.516031
533 1037.33333333 4762.4696966
534 1901.68333333 28055.2958692
535 5617.69976935 149342.93192
536 9104.0796176 199652.238131
537 6592.21849164 52696.2787612
538 12399.3970779 346760.678304
539 3185.32538181 13473.754986
540 7259.06428571 79179.3907181
541 7702.55714286 92276.4846292
542 935.833333333 5202.84551811
543 1582.41666667 13291.310547
544 1232.41666667 10944.1406098
545 1279.83333333 9482.25067684
546 7628.820187 93549.6229552
547 601.75 3275.125
548 2323.11062271 13075.4663803
549 5249.17776292 21777.8736088
550 1735.94246032 8885.0527359
551 3768.49958832 16209.3145823
552 3070.59079972 15663.3751953
553 487.25 2803.28888889
554 3187.27288545 17001.7088059
555 1348.53268398 6499.07693838
556 5240.58740883 29101.9924019
557 1086.19532967 7473.15838448
558 626.173015873 3490.12546343
559 7757.91533189 171578.726141
560 3751.63874459 23690.5016315
561 1435.68874459 10801.6468868
562 1223.34271284 8406.87228365
563 549.487301587 2809.05873016
564 1912.79913306 7101.45832892
565 13796.0424964 501505.349549
566 5623.14217172 168529.508062
567 5767.14143601 152310.115253
568 1258.24347678 4910.81222897
569 550.987301587 2810.55873016
570 3827.92169856 149646.650584
571 1690.17063492 7938.64680817
572 1904.18333333 10335.088078
573 1045.83730159 3910.68978677
574 6619.89713505 92691.4499054
575 926.137301587 4608.81491391
576 585.0 5277.0
577 3114.78567152 17612.7056144
578 1377.61199634 9521.78854321
579 1370.69477189 7689.75268421
580 3208.51118881 148906.06017
581 1264.66666667 3789.83351787
582 5790.21055611 127296.908679
583 5142.01305916 115311.475122
584 1374.26309524 5683.28332527
585 7194.66661623 148228.711841
586 4927.41305916 114353.96556
587 2818.176356 11959.8334529
588 2255.80095917 11903.2818656
589 5837.66478962 130629.517173
590 3789.24630549 20254.5425764
591 7899.58853826 146449.505258
592 5335.7299746 32842.4586948
593 666.75 4876.41388889
594 1057.68690476 5776.81378931
595 9085.74437278 228155.110631
596 2340.2297619 16626.744122
597 6977.16731651 148472.308788
598 4354.60129756 106452.730868
599 9552.8077927 159993.846412
600 1551.92142857 11016.3392225
601 2301.9797619 14742.4568105
602 6697.30828289 144291.39677
603 1013.85833333 3750.55701075
604 1251.04484127 7815.94622802
605 805.088095238 4590.34517489
606 11803.6895588 171071.425119
607 8186.02531586 162767.744198
608 13875.5686475 433679.856374
609 2431.25968933 10264.3828036
610 8620.60771565 141185.437903
611 1056.15357143 6890.16266836
612 1042.40833333 4850.60775182
613 723.171428571 3913.25131269
614 3522.70076868 25358.0502175
615 866.366666667 5425.90626001
616 373.0 2639.0
617 2141.28333333 31589.337078
618 2172.86349206 17076.9351499
619 2690.92261905 16837.7459984
620 3146.13373016 20594.1667898
621 792.15 4046.10884106
622 2965.53849206 22959.5802509
623 6624.57857143 153365.236144
624 6568.93531746 129303.198441
625 2829.31150794 17554.2866487
626 7366.33428793 58572.0346774
627 5106.49889 41518.3675205
628 609.75 4000.95129471
629 5782.02746143 43150.6734016
630 639.75 5402.40912032
631 1229.03333333 7831.87375278
632 385.0 2639.0
633 6554.47857143 153719.549211
634 832.15 7657.71388222
635 1450.71666667 12579.7909747
636 1353.4781746 9307.1851169
637 2772.15920746 17137.0861519
638 3272.67814963 25510.2453402
639 15982.6650072 529078.581243
640 5302.80079365 37540.3944347
641 5284.24087302 174672.743448
642 2627.65920746 17183.2477992
643 969.7 9976.68388863
644 4403.2484127 165361.462809
645 3801.15920746 29963.1755439
646 1005.1 6314.94286818
647 3342.82587413 27942.6353624
648 6350.72857143 153482.390346
649 973.120634921 6474.54100015
650 2499.13730159 20634.1080924
651 2430.48333333 20209.8073709
652 4838.96746032 35098.2204056
653 942.0 7913.0
654 856.320634921 7381.28982227
655 570.820634921 5660.93809635
656 2032.90079365 12834.7732048
657 9224.39047619 357227.468238
658 2333.24302266 9592.41546087
659 5685.75294705 139291.399186
660 4249.21169664 21564.7537882
661 8002.25126263 196049.048923
662 600.142857143 6125.34264637
663 1662.40079365 11054.3885728
664 1672.46031746 13393.9937677
665 493.0 2639.0
666 1220.0547619 10605.0500711
667 4655.16868687 27889.438527
668 12396.3655123 380637.434186
669 1195.86031746 4321.74957265
670 8542.31985237 206402.923133
671 3458.92587413 28698.2794389
672 689.6 3725.44286818
673 2269.83539794 15301.0212695
674 3596.31169664 18039.0144852
675 1853.91873127 12776.9081743
676 1561.5020646 10493.1393431
677 1371.83539794 9368.89877133
678 510.0 2639.0
679 5712.46141457 28297.8792955
680 3328.36790383 12911.7743911
681 3031.14981269 47381.1464365
682 7469.18784688 229096.817662
683 2936.57873695 11275.8437026
684 373.0 2639.0
685 3720.05952381 125793.487515
686 1247.33539794 9355.07996846
687 559.333333333 2892.66666667
688 3857.22380952 37729.8123033
689 1345.73539794 10250.3796318
690 4613.70238095 38892.0269355
691 6291.44968365 63258.2041871
692 1070.31873127 9233.56677786
693 7036.60770896 152748.004838
694 1036.41428571 4774.97876004
695 3320.52380952 124956.14601
696 1172.9047619 11346.0071537
697 258.0 2639.0
698 1101.98539794 9639.76959359
699 1471.35 12390.887324
700 1081.85 9801.38732395
701 556.0 5277.0
702 1610.5047619 16915.1670905
703 856.666666667 10446.1255999
704 1596.88492063 7081.71874156
705 1205.98539794 10682.4950951
706 2987.31741363 19192.1097067
707 1545.78564214 6094.23628907
708 1005.52106782 4255.93933712
709 707.945238095 3337.60074956
710 1531.85 5421.59830586
711 1975.97482517 14383.1484244
712 2460.77056277 13947.9103573
713 841.304761905 4283.89972457
714 1061.25440115 5447.44568633
715 1448.63942724 14700.8547388
716 6326.06327006 66267.8433362
717 900.6 4999.66874311
718 1818.74184149 7247.69202096
719 2514.80119048 19325.3227587
720 2138.43246753 14097.5325266
721 851.933333333 5577.84273988
722 1076.35 7331.27699914
723 1362.89408369 7246.37547876
724 8121.80241038 176524.702147
725 3497.23238596 89806.120328
726 7567.11384755 293959.406507
727 1543.76666667 9672.60252824
728 1163.17857143 12787.5714332
729 8181.72738095 133505.241578
730 6407.25238095 117906.598472
731 2622.91114719 44688.5801688
732 5258.65952381 98033.7810326
733 6875.43571429 119029.90629
734 9498.30865801 145742.281544
735 11820.0484599 434226.801146
736 3647.76114719 48811.0192739
737 5984.40746753 124009.574884
738 8606.45746753 140663.441979
739 7884.54080087 138537.946212
740 1857.73257576 39316.2357766
741 1990.18333333 10349.735732
742 11055.5905872 215000.618708
743 3447.80952381 24439.7475987
744 1600.83333333 9469.17428166
745 1468.5 9348.94932995
746 946.714285714 5292.84499166
747 3093.52619048 23829.4864115
748 5155.74372294 77686.7363065
749 3928.99285714 31325.0199893
750 1017.09761905 7036.91002555
751 3583.82619048 31039.9899963
752 1181.34761905 9026.96526548
753 5205.44372294 78383.4225896
754 2413.15952381 23816.5381767
755 3459.91169664 18362.9904692
756 5580.71834832 66162.4109376
757 8745.53179321 365592.697175
758 4803.42479187 38636.8343761
759 2109.19166667 23190.0732204
760 13277.6511544 398254.765916
761 3731.51512654 39310.4229953
762 3734.98655511 37625.1943012
763 374.0 2639.0
764 3534.00714286 128263.418406
765 1557.68942724 16765.9209351
766 2998.55644356 29112.7909258
767 4429.12955378 37784.6046513
768 2965.30644356 28753.11176
769 11076.0074315 350971.956044
770 1721.55644356 10792.2418451
771 1783.87276057 19042.3866985
772 1647.75644356 11044.3460194
773 3988.18942724 35253.3084697
774 1666.78298368 11286.4062461
775 3184.85 30364.0543545
776 1997.84965035 14406.5570572
777 1042.76666667 6176.99192285
778 2226.14965035 15057.4006624
779 1609.06631702 10893.0070173
780 3131.55644356 29750.4549712
781 6328.4040626 88465.1770091
782 5772.84761905 37525.7602978
783 10905.944167 334314.864482
784 957.35 6575.86347146
785 4613.76595636 67305.3649431
786 7041.69726356 147654.928433
787 3541.80952381 31858.3304807
788 3877.64761905 27381.4886899
789 3866.41428571 65488.0636662
790 3834.94047619 131397.926162
791 1789.39924242 29900.8981376
792 2721.26666667 17119.1346962
793 3991.12857143 80573.9863488
794 3757.34250759 64593.0387913
795 6442.89241898 283681.051893
796 2227.32619048 23749.5803971
797 5452.15 330360.3184
798 2337.90952381 24331.2397952
799 1196.76666667 8264.7961062
800 293.0 2639.0
801 1699.23257576 38056.1385901
802 1474.43257576 32807.5203475
803 630.0 5277.0
804 2879.16515152 68730.1143023
805 2324.49848485 63973.8035824
806 4961.69722519 102815.149885
807 3936.33095238 66893.3363977
808 2710.48095238 14520.7333278
809 657.497619048 3892.91115157
810 2516.51590909 37141.1831079
811 1725.43257576 34308.1511926
812 3375.6 31332.021429
813 4150.71428571 37133.0771013
814 7284.41666667 353539.676026
815 6761.43045971 251413.600859
816 7732.81462036 152057.362562
817 3509.9952381 24048.7155495
818 1401.0 7913.0
819 3156.9547619 31124.5965158
820 3530.95 33271.4857447
821 8910.13623053 312529.651732
822 3297.1466811 68113.5522003
823 1937.61666667 12142.8237843
824 2419.49848485 64501.7554195
825 3596.05660588 92568.2487602
826 7017.87380952 353275.150141
827 1666.76666667 10838.7961062
828 9032.97857143 363334.425077
829 5574.28526592 214508.437623
830 3059.4952381 13197.2827959
831 6552.9047619 350999.715884
832 7626.15238095 360784.371877
833 4001.83571429 48329.1120384
834 4098.13001443 70829.0217318
835 2906.7452381 13824.6782955
836 3239.4452381 17024.7137605
837 2416.42857143 11635.8217633
838 1417.78333333 9147.225784
839 7088.81428571 99158.4138888
840 10096.631287 334563.305904
841 4566.33095238 42476.9035541
842 779.661904762 5217.54961092
843 6686.88095238 130542.736863
844 1768.56428571 11759.1837143
845 3808.24047619 33745.3986674
846 2326.96428571 15342.7358032
847 2033.15 12618.0483457
848 1048.32619048 7533.27315635
849 894.328571429 5419.68178393
850 2105.51190476 16273.5224736
851 5863.47619048 55943.5590537
852 1930.61190476 14306.2564119
853 667.257142857 4099.86673293
854 1750.13095238 9344.91495701
855 3400.61428571 20047.627849
856 1444.99047619 6725.48732452
857 306.0 2639.0
858 655.0 5277.0
859 1039.0 7913.0
860 879.878571429 6437.22710869
861 551.697619048 4039.62610098
862 2687.77857143 73403.9796101
863 586.885714286 4185.28728567
864 1115.16190476 7494.64789667
865 3610.00660588 92451.8733356
866 1849.5547619 13496.7335862
867 1264.99285714 7850.63621101
868 913.307142857 4566.97690401
869 11481.7468461 338403.174974
870 4869.07228506 79536.6546489
871 2285.26190476 11216.8279158
872 7188.20093882 154846.894449
873 447.866666667 3666.48704906
874 16178.1754089 467918.754787
875 500.771428571 4172.07498746
876 3380.66572872 63631.8093819
877 2165.57857143 72086.6564541
878 749.904761905 5780.5879384
879 1123.27142857 5699.55574933
880 4541.19130121 64738.5768301
881 3209.67857143 77513.2264361
882 1010.0504329 26141.1701291
883 2535.6952381 12864.3896056
884 874.633333333 5985.52098362
885 2146.96190476 10554.93726
886 2825.91529582 40290.3215191
887 5966.58653931 78366.3947606
888 868.0 5277.0
889 1059.34805195 26614.470882
890 5307.68722944 74859.0919692
891 4164.24387784 66148.1029682
892 4869.40561839 78704.7160513
893 771.161904762 3748.51865309
894 402.0 2639.0
895 7598.71791073 157447.85168
896 4025.95812258 147845.864927
897 5940.57807601 130989.805758
898 4978.67197539 152552.389087
899 7959.39378953 165620.826666
900 614.383333333 3287.56666667
901 5735.74047619 153250.098664
902 916.678571429 4918.3990574
903 1841.325 12049.0474875
904 1027.06666667 6018.06067893
905 2660.14806534 18796.1272855
906 2427.91358086 12271.6772593
907 2340.26190476 14203.7141827
908 855.680952381 3968.51609909
909 6007.39285714 48840.4862843
910 5164.08809524 74730.9557135
911 2953.55238095 18258.1380739
912 1399.71547619 7253.50039838
913 7535.07388167 97757.6797621
914 2797.9547619 18355.3886836
915 1179.24880952 10471.1764554
916 5088.92777778 83830.1355596
917 2730.03578644 24217.441909
918 1260.98333333 6960.35282452
919 5067.46111111 83963.7831285
920 4218.51428571 40092.5609601
921 8546.79598964 293780.186996
922 2130.16473201 14987.6472559
923 2826.25721501 24751.4259478
924 2006.54453324 10217.9981006
925 5773.62857143 47613.0611518
926 5608.44365079 46486.1509508
927 2513.6452381 15693.1356764
928 770.994444444 3100.80912698
929 3642.89259859 22220.5499825
930 7933.43095238 99631.6975404
931 952.217084378 3683.15446821
932 6730.38849206 85522.591022
933 4118.78305436 35711.5739643
934 3183.51673882 26422.6035292
935 2697.70714286 20793.4692083
936 3295.74722222 63416.0542148
937 829.18968254 3331.66620512
938 3365.93055556 63838.324021
939 3743.94145591 146282.592595
940 5205.58015873 70700.3631463
941 2588.33181818 65678.1491876
942 4766.84047619 68831.7174235
943 3784.07284119 186571.127388
944 1815.66626984 6760.2794342
945 5763.83496241 206692.621149
946 3558.54145591 144859.458901
947 1864.5478355 17531.8665653
948 3135.37857143 86371.0200624
949 2757.92380952 21071.6284578
950 1304.15912698 7028.51522687
951 4915.95198413 30942.005344
952 1775.91626984 6815.14216321
953 1154.99246032 6339.69484299
954 1942.76468254 6051.01855297
955 4398.45 28819.851295
956 1853.51468254 5637.8252951
957 2740.39047619 10310.0012735
958 2811.12380952 10629.2850661
959 1354.7297619 12159.489121
960 4938.18571429 106402.146294
961 13620.4543651 173008.255386
962 6042.10714286 331345.889158
963 8565.60721501 298336.414392
964 6419.84047619 277967.865099
965 3966.35884232 34243.9140137
966 4079.64217565 33983.5064798
967 6404.92380952 278101.968529
968 10690.1927153 338757.137499
969 3123.15714286 12405.9470686
970 4537.35714286 313294.727212
971 1621.85952381 9849.45398975
972 1668.99642857 14361.6569556
973 1675.64880952 9371.64691505
974 4132.2 98837.574067
975 5357.77619048 54507.7191061
976 9910.91984127 309727.394971
977 7665.86984127 300378.475366
978 2908.61269841 29294.8769406
979 11232.2912999 335604.305207
980 325.0 2639.0
981 3820.32284119 186201.623084
982 1708.50386966 19583.8368277
983 11033.8498581 339385.158785
984 8001.72342626 64576.2900549
985 5787.96904762 322842.521217
986 5744.81190476 323683.501254
987 3297.07473065 39733.5191628
988 3642.39736049 21930.4638096
989 3052.49859307 18662.0130323
990 3419.37478355 20831.3974479
991 2592.88544494 35486.1188335
992 3727.29188881 184200.814292
993 15652.6456349 455459.422672
994 3108.76525974 17811.3565222
995 6592.5508237 85249.1830095
996 5629.08134921 44256.8372421
997 6727.21944444 53676.2407367
998 2470.48192641 12084.4236785
999 1878.85519481 16262.1346625
1000 2348.88571429 10988.6409143
1001 3335.49329004 22388.6496458
1002 1574.79545455 10293.1962287
1003 1045.60833333 8918.63988964
1004 2999.2101033 48332.0020815
1005 3159.46431576 49692.9833925
1006 808.016666667 5035.73877112
1007 8836.00277778 137846.122018
1008 1905.21349206 7892.33530076
1009 9019.09453585 304330.336836
1010 676.55 3706.89558749
1011 7077.48968254 366210.92273
1012 1730.36450216 8323.36184552
1013 1854.01450216 8813.33825786
1014 4902.7281746 63454.9539615
1015 8456.55656566 373031.226462
1016 1476.11967052 16812.2234017
1017 2440.98315865 168028.865579
1018 300.0 2639.0
1019 1534.74791728 16598.0175484
1020 1798.33290043 8205.69918947
1021 975.565800866 4090.592023
1022 8400.42036951 72003.4680475
1023 10065.0357504 99601.9252756
1024 10819.6681624 136136.099159
1025 8187.38690476 106744.928352
1026 5730.24267677 68584.1808963
1027 6005.4760101 69250.1240656
1028 8817.75347985 149593.322577
1029 4073.85421245 36049.9271233
1030 3896.17405372 35158.8211968
1031 3018.42438902 47381.9506961
1032 6123.03393828 65322.0456959
1033 3208.78629378 47021.8756732
1034 4635.07831287 26511.7919087
1035 820.366666667 4066.15681637
1036 3429.80772006 38386.0668216
1037 1391.96587302 5767.99154185
1038 2684.04126984 27627.2282227
1039 1217.57619048 5759.98479304
1040 991.08968254 4513.36447148
1041 717.0 5277.0
1042 1072.71587302 4549.48591953
1043 900.733333333 3942.22711229
1044 8655.52786918 302309.781333
1045 4529.74285714 44038.4608343
1046 1138.0 7913.0
1047 794.882900433 3654.62918918
1048 7395.69527417 76427.2885608
1049 6220.06309524 160121.245605
1050 3974.9297619 118186.039077
1051 1234.44444444 7040.90006772
1052 879.103571429 7181.97274657
1053 1477.29545455 8940.68570725
1054 1696.80634921 17396.4406586
1055 2285.45458723 165614.762836
1056 2215.00238095 17477.3403679
1057 5871.22929293 59751.4945314
1058 1295.72435897 6410.75304754
1059 340.0 2639.0
1060 854.186904762 6132.42491913
1061 6652.13849206 52803.7538762
1062 10856.0167573 110533.699223
1063 2542.375 44670.7436981
1064 1746.98015873 16242.5763972
1065 1435.12878788 7742.28847387
1066 1056.61111111 5614.26092084
1067 1336.08809524 7804.88815387
1068 1357.99304584 6654.62355583
1069 1630.1297619 9503.57783849
1070 3949.10894661 26734.3042823
1071 7424.13799534 70652.3296045
1072 6313.11042014 51640.8555925
1073 1118.4 5760.34456222
1074 3861.53690476 29967.7657398
1075 2504.41071429 21962.0140347
1076 3022.49069264 27045.8993388
1077 1250.20119048 7296.17016788
1078 744.557575758 3163.22922078
1079 7642.18287546 151511.501164
1080 1258.15952381 7527.25180336
1081 8748.70195083 69022.657205
1082 2208.53452381 19923.8541779
1083 7850.33174603 300821.109303
1084 2003.30119048 18172.5056764
1085 1994.91785714 16717.33277
1086 876.766666667 8648.82697273
1087 8247.00555556 119255.779082
1088 738.766666667 7077.60580045
1089 1719.88290043 7337.84058601
1090 5050.44126984 88537.0295987
1091 406.902380952 3068.75320513
1092 542.252380952 4055.51244413
1093 526.469047619 4308.05980862
1094 3886.67085137 25487.7840347
1095 2883.05039683 47777.0986773
1096 674.716666667 5648.39016219
1097 2382.00458723 165696.472006
1098 1082.56982608 21980.9362993
1099 4875.40180375 30745.2656903
1100 701.783333333 4722.71482072
1101 1240.80634161 15224.4919862
1102 8151.30928142 99361.5826132
1103 1647.57301587 11733.6112425
1104 8360.97713857 99882.1335716
1105 1378.40634921 9160.94457582
1106 1341.82301587 7671.54541196
1107 2562.67698413 46229.1723186
1108 807.311904762 4691.6247957
1109 11973.2244589 334739.340968
1110 3056.5991564 24868.1738939
1111 883.033216783 3636.25348398
1112 3423.03103008 26814.9226391
1113 2729.77478077 23198.0444864
1114 2841.37463647 23555.2921997
1115 1286.01666667 8018.35864845
1116 819.516666667 5415.85864845
1117 803.657936508 5766.6856797
1118 4993.85228938 26011.7751425
1119 1751.64132812 9991.0140743
1120 989.263888889 7688.23809325
1121 649.305555556 4295.06658496
1122 874.998412698 7240.73989076
1123 1368.03888889 10745.725454
1124 1260.31095016 9241.17720533
1125 781.199225774 5984.49185368
1126 1416.71275391 10044.3524345
1127 1035.28253968 7979.18047287
1128 2961.35442058 23671.2835826
1129 801.168831169 5677.08018151
1130 2949.75269175 19125.8522545
1131 6887.65420135 39708.294441
1132 3740.73922466 50486.189421
1133 4184.95357143 32397.6824065
1134 8933.6473027 90549.8772777
1135 4583.02445332 25195.9637189
1136 1751.64132812 9991.0140743
1137 3424.19261294 19423.2187943
1138 1165.7468254 8873.69285695
1139 1732.03668831 14307.2939073
1140 17799.9877639 400757.428302
1141 2244.02763348 17686.78112
1142 9590.41230878 149552.479741
1143 3095.78418526 19483.5914305
1144 3528.04285714 89966.4271921
1145 1830.541904 146085.391871
1146 506.0 2639.0
1147 2025.7280303 12889.2654836
1148 12130.9143651 175867.05014
1149 19541.7904849 183735.076062
1150 984.053912754 6056.87924435
1151 3044.99319292 44781.2948245
1152 14983.8793233 151296.942344
1153 7538.5415313 58920.5489573
1154 6589.41163839 78939.6394388
1155 2860.5342491 21196.8165848
1156 2340.29009419 14198.987741
1157 1290.1436356 20527.0591181
1158 8672.39916458 99007.6540702
1159 1172.19920635 9615.49383655
1160 996.960856756 6682.48148547
1161 4675.38554224 25502.8972372
1162 1126.71801626 5787.19014021
1163 9960.6546398 253517.014944
1164 11828.3466034 264123.29404
1165 7596.75541126 103257.798325
1166 1450.41889572 136487.140814
1167 1221.71111111 6170.38986365
1168 2436.84733045 18137.8482699
1169 1596.35373055 8294.01608651
1170 3024.99325397 21251.381529
1171 9975.17930403 110982.953663
1172 1372.19920635 11390.4420197
1173 1668.30634921 13460.3069498
1174 2816.49325397 19671.5824765
1175 7652.51089466 86077.7831009
1176 8375.75072983 91334.8353753
1177 1060.0797619 5221.63694096
1178 4636.8251221 22919.0057967
1179 3666.99875219 32493.1381502
1180 773.046246367 5074.43935567
1181 971.353787879 5112.87114679
1182 4538.21221556 36136.4758093
1183 2965.73325841 15478.965879
1184 1538.41349206 11464.3595236
1185 757.756818182 4812.62476731
1186 4033.57115385 18894.7557973
1187 2944.25573593 28501.9721701
1188 3594.61477411 71285.1053945
1189 7161.21741855 74384.5272809
1190 5476.07773601 60123.1811968
1191 5381.91106934 58802.5454505
1192 6280.53249791 71750.4273875
1193 8531.73249791 97731.4074002
1194 888.874532854 5418.36769749
1195 3425.65952381 89753.6891293
1196 1123.56111111 5626.21713681
1197 6710.14679636 59874.8302785
1198 1248.23933542 21724.8190478
1199 1727.93128816 16187.6290611
1200 4991.11038961 50752.4429463
1201 1667.77931513 9286.32949764
1202 786.076190476 3687.55981991
1203 2750.9452381 48161.2471834
1204 10663.7153319 387787.098216
1205 3505.35238095 89946.6255147
1206 3509.69719818 25471.6869987
1207 6583.40899658 54414.6887361
1208 1157.47453285 6946.97222896
1209 2283.40655967 24371.0178279
1210 3548.27325452 30702.5478686
1211 1498.56190476 29790.925094
1212 3101.7457709 17645.1677432
1213 4297.40592186 70098.1840049
1214 682.4 3249.97805878
1215 1600.34284327 4313.97652723
1216 14563.7279693 570507.655188
1217 2225.86666667 24926.0057633
1218 1654.00377302 138588.069047
1219 12679.8799278 164948.795561
1220 4002.57642913 32437.4050041
1221 6164.7049173 196532.056269
1222 339.0 2639.0
1223 3415.01511544 21022.6250798
1224 2259.71996658 40060.4711974
1225 9394.32900433 61161.1192814
1226 5765.02295835 81611.6592494
1227 2777.67692335 19827.2818317
1228 3078.58644716 20689.6611859
1229 5373.97246484 30167.7362133
1230 4603.85383543 22711.015715
1231 1558.07453285 9305.32763493
1232 10662.0084055 93992.8335083
1233 3594.94810745 71444.2822561
1234 5114.92129972 70558.1713578
1235 2954.55311382 20081.6363474
1236 1322.83961599 11708.8967
1237 4876.93985087 31180.9007375
1238 847.183333333 3489.28571429
1239 3629.64844877 22432.4262784
1240 4483.83563855 29110.7812748
1241 6267.2049173 197150.792512
1242 3408.65357143 21220.324065
1243 841.65 4200.52579475
1244 2050.93888889 21038.6284895
1245 1895.03333333 22859.1996008
1246 1703.78333333 21300.0054022
1247 909.99047619 8560.10883139
1248 3000.85661044 22807.3853046
1249 8243.31762323 60692.5790419
1250 1007.72752762 4889.27851762
1251 20015.3922209 350607.319267
1252 703.946923012 6882.34179519
1253 5944.01306749 128693.614163
1254 13658.616342 182284.172981
1255 5379.05238095 90922.2174952
1256 4757.01941669 118155.942486
1257 1870.07222222 19593.644845
1258 3173.39805195 20881.681524
1259 950.070238095 5239.08980135
1260 803.316977957 6820.85359707
1261 752.5098351 6405.35655354
1262 610.649303964 5741.3192536
1263 349.719047619 2711.63571429
1264 2963.38690476 19207.6515499
1265 3007.63690476 19947.0436633
1266 2253.8 15663.3738429
1267 845.733333333 3952.95133774
1268 3544.89090632 56942.6232059
1269 2515.50039683 51039.4802095
1270 4074.74163132 52171.1624369
1271 4407.61713739 34000.9377725
1272 5301.98647741 74441.5965607
1273 1090.29801587 4835.95456659
1274 491.051373626 3723.26817706
1275 2138.31265832 13466.9659171
1276 757.384670479 3717.19062631
1277 2128.19498908 17999.5569096
1278 1954.67669428 15064.2512148
1279 1682.46269717 12947.3905388
1280 1400.03858641 6797.88316223
1281 5470.25206532 24652.4573297
1282 2159.31998316 9193.13304684
1283 5670.24195056 26238.1988712
1284 2931.82654721 16773.8941518
1285 2004.21666667 14231.3590288
1286 692.983333333 2803.33333333
1287 2196.79068987 13228.2499015
1288 1551.45743105 9194.33930596
1289 3526.59853757 19433.8743244
1290 1681.9001443 10732.6406199
1291 1017.74118104 5631.89269835
1292 737.357847708 3837.66749994
1293 1392.17454212 6718.43223142
1294 2105.88333333 14320.7042726
1295 1365.07077645 7421.30583346
1296 725.0 5277.0
1297 2167.12236411 9847.15802286
1298 1494.91449661 7645.90145696
1299 11342.1716942 220634.571586
1300 1580.3 9330.74270964
1301 1519.61634477 7170.736087
1302 2290.55660304 18249.0196669
1303 1851.62222222 18401.1900831
1304 2115.04713065 12889.7204373
1305 1082.61606686 6070.52563702
1306 12236.0742194 227014.504566
1307 5062.38138528 42870.5372673
1308 1124.69480519 5644.48490214
1309 4612.16028139 131314.34169
1310 6655.76504329 154000.919566
1311 3535.10054624 34408.6133863
1312 7935.22218615 162153.698811
1313 4086.16345393 21315.0953332
1314 10113.8522331 215638.344848
1315 5248.05884284 70724.389722
1316 335.0 2639.0
1317 2112.41944444 8052.87890037
1318 3248.28611111 20028.7578835
1319 1592.87043969 137989.382161
1320 2128.92762581 153690.760277
1321 922.973852781 18061.0940926
1322 397.5 3288.73576836
1323 2609.36388889 13952.710556
1324 5238.01904762 99775.4221683
1325 1051.22162242 5674.73958088
1326 798.700757576 4219.4057007
1327 1760.48333333 10103.4503428
1328 1637.49642857 8291.29681746
1329 4977.24761905 89230.814327
1330 1825.76309524 9026.97279959
1331 6287.88333333 106691.389445
1332 1923.29383117 10414.2467036
1333 1776.33095238 9725.0556275
1334 1586.35952381 8035.56652453
1335 1200.52077645 6487.66228367
1336 1642.63809524 7568.97575304
1337 5564.03571429 92165.6881242
1338 4075.8202381 96524.8443369
1339 4749.40714286 88827.1965888
1340 6108.31666667 95123.6985424
1341 2888.16071429 38978.7360684
1342 1523.4259875 8086.78222988
1343 4377.49047619 86169.6286091
1344 2183.90728474 12115.8296324
1345 930.575757576 5975.9639825
1346 3154.88542327 16412.7050502
1347 3431.5004445 13223.5859839
1348 4519.90714286 87436.433333
1349 6492.67129815 54296.4757561
1350 11109.1116217 112071.55286
1351 3436.44404762 55837.6653024
1352 1906.98593074 10771.9311288
1353 756.833333333 4641.9673149
1354 1065.62068724 5614.72554893
1355 11085.3243506 263293.669627
1356 11969.4880952 333284.044274
1357 1147.95853558 25089.3483409
1358 1720.25327614 12133.6899622
1359 780.666666667 4114.38826684
1360 5194.64023134 58862.3263329
1361 429.0 3609.15914925
1362 303.0 2639.0
1363 2851.16949472 176373.563682
1364 738.924242424 4350.84857049
1365 925.757575758 5300.16022385
1366 772.45952381 4662.0016713
1367 898.792857143 5822.61340446
1368 4658.48726346 25821.8057566
1369 4119.52468692 17621.7335788
1370 2554.03055556 12720.8318429
1371 2863.13616139 177118.434043
1372 2786.82738095 37315.5886621
1373 988.728968254 4173.76170459
1374 3087.93174603 16962.88052
1375 1396.25674603 11075.3714335
1376 2378.34285714 12243.8281622
1377 977.6 10798.5503259
1378 3371.73253968 16926.482537
1379 5156.74598147 39133.9978452
1380 3499.63253968 19305.2861075
1381 2470.54285714 14518.4281622
1382 3509.3043148 28758.7310361
1383 5876.3702603 50850.8646032
1384 1367.19007937 10333.6021213
1385 2769.11949472 173402.245441
1386 3669.79404762 40938.5590393
1387 1454.39007937 10228.596205
1388 3358.46587302 15908.2150041
1389 7871.72724844 62627.1837824
1390 4953.6547619 29185.3181577
1391 2258.05119048 30713.5171099
1392 3078.92738095 18130.5891691
1393 2187.52619048 17268.0905634
1394 6092.34296331 40859.1809442
1395 2082.85952381 16374.759182
1396 315.5 3654.62519847
1397 3103.66071429 20048.3753163
1398 436.833333333 6051.32160488
1399 397.533333333 4078.96846281
1400 507.366666667 3268.8135246
1401 1374.77902057 7489.75296632
1402 3408.07261905 55616.5147973
1403 2278.55119048 30501.1332715
1404 4123.46913136 18023.0180129
1405 1185.32123987 5736.77863444
1406 6863.67186948 35625.7021305
1407 5724.22738095 66853.1781734
1408 3202.51071429 22325.891983
1409 2394.5705073 16486.7576846
1410 3598.66032067 39184.0129235
1411 2949.81785714 37573.4598876
1412 5020.63928571 69233.9315236
1413 3800.88809524 45565.4882691
1414 2898.31785714 35924.7400857
1415 2276.97710944 40294.3008277
1416 2476.53717397 16952.1481962
1417 5747.35224457 34812.4944376
1418 1899.11871345 32773.9650195
1419 3912.99642857 46265.1204957
1420 3301.99166667 46738.1670644
1421 2974.51264814 26014.5985855
1422 333.0 2639.0
1423 2746.47865991 12324.3687527
1424 3159.69642857 35320.8511539
1425 589.1 3231.30482018
1426 2554.31949472 169545.49863
1427 5041.62840979 37354.2112504
1428 3988.3117556 28511.9817598
1429 3043.33264791 22931.4040885
1430 6476.57926864 46232.8816998
1431 4593.2539849 29981.1243759
1432 5147.39905927 36834.4685236
1433 542.0 2639.0
1434 3918.73690476 96275.8750007
1435 14213.6727875 238453.294219
1436 464.0 2639.0
1437 1029.96904762 4435.94885045
1438 1149.2761544 5216.94403586
1439 4824.06244589 139026.609935
1440 5096.89950882 182598.501745
1441 5896.09441392 58179.3589761
1442 1327.6761544 6418.00653031
1443 1093.44924242 5693.3591018
1444 3883.98690476 96266.6291398
1445 2098.48047683 15558.9130707
1446 8714.36205976 197469.226792
1447 985.0 5277.0
1448 6057.17261905 111340.91581
1449 2706.66675515 12502.8223505
1450 1389.28160173 9852.22750057
1451 10876.4756822 213412.922751
1452 3242.30945403 23593.6274658
1453 3267.90357143 21650.5794936
1454 3702.16648352 30068.8291097
1455 8619.41253469 196513.388875
1456 5323.98284216 182980.441423
1457 1303.58095793 12912.504982
1458 5968.42139805 58000.2267684
1459 6442.3983093 40703.2392079
1460 5052.23411516 36870.5061076
1461 4104.01666667 99750.6176666
1462 2984.77373974 22383.1089927
1463 3272.0297619 36032.7401379
1464 3375.16547619 22166.0121594
1465 6040.86464369 47333.6678505
1466 1207.59047619 8931.95128657
1467 4222.13131036 35303.0768703
1468 2634.59471917 12256.4086929
1469 3903.18333333 98291.4334848
1470 6471.31904762 113900.705815
1471 4802.20687187 43413.9361221
1472 2016.20833333 14921.3608393
1473 2963.04047619 74946.6204396
1474 2952.62380952 76073.0819036
1475 4077.26666667 98798.0890364
1476 3215.18769074 30255.7259385
1477 2841.4793148 25717.9417116
1478 2585.98616139 169298.954309
1479 1102.08333333 12583.2743721
1480 390.833333333 2761.5
1481 1580.80952381 24497.9432947
1482 4631.779662 171698.577813
1483 1966.60948773 9955.21819088
1484 281.0 2639.0
1485 4959.55952381 103300.472719
1486 598.0 5277.0
1487 3319.03616139 174195.725982
1488 582.716666667 4925.35881073
1489 2266.79166667 20651.329259
1490 2980.23205128 169195.002202
1491 1839.10833333 13197.0215536
1492 3227.40833333 46132.5303336
1493 4501.6085787 30442.6875198
1494 1807.61666667 16829.3930585
1495 1993.88920699 34037.4636298
1496 3768.49166667 48293.4387251
1497 796.333333333 8599.89418732
1498 2694.31264814 24856.9053883
1499 3439.425 46500.1640908
1500 1742.29081197 13542.7284684
1501 703.916666667 7143.82370707
1502 1466.04081197 9726.13708263
1503 1146.15 5844.59344258
1504 2028.02619048 15801.1660389
1505 3235.14591315 26162.1458584
1506 997.483333333 4936.6210084
1507 2942.09166667 39314.6101601
1508 1903.01666667 14105.3751601
1509 1722.01666667 14942.4985611
1510 1465.75747863 11400.7095232
1511 4512.23808691 29620.970607
1512 2731.5414787 23442.8220048
1513 3040.27203352 16312.5228954
1514 1272.1730464 9755.61654
1515 3475.54640882 30596.7305981
1516 548.412556561 3004.7763565
1517 1177.20637973 7780.11324946
1518 2646.86785714 16680.9600586
1519 1153.05876068 6428.58371507
1520 2904.00511506 24720.5611275
1521 1365.39081197 6436.57036553
1522 1293.7 10054.4232685
1523 1378.84081197 7510.59877094
1524 3620.27463092 26353.6119653
1525 5533.39319292 53465.5320163
1526 3893.68485958 34646.2208396
1527 960.574236874 7660.84399657
1528 2648.14456654 25998.3093127
1529 1307.53055556 5029.84487909
1530 6034.84449717 56022.1667568
1531 5278.16678322 33901.2316687
1532 5773.98821179 37075.5536687
1533 3154.87221287 41324.4630856
1534 803.426923077 4020.95895343
1535 2712.87012432 35366.271846
1536 979.099242424 5112.65465715
1537 16559.6633533 575468.1438
1538 351.0 2639.0
1539 3195.99728488 44668.802931
1540 3361.69603496 36998.2465742
1541 4537.35865246 24547.6337241
1542 6822.4278749 37617.0661048
1543 2575.83939715 26290.872848
1544 2686.45314685 15482.2165503
1545 12692.1668859 219435.967552
1546 850.013997114 4882.90853619
1547 741.458441558 3333.00458501
1548 905.374236874 7247.79650846
1549 2642.97567155 12102.4119923
1550 2072.68787324 31152.9980651
1551 1244.01709402 10244.1428828
1552 4352.24183317 24788.1976849
1553 974.443284493 10488.1466675
1554 5399.05572206 27117.6309723
1555 689.825854701 3462.90748631
1556 2861.64354257 14559.3275192
1557 794.916666667 5069.12377947
1558 1290.73769841 5084.2165554
1559 3366.42832723 34122.2756433
1560 1092.19328449 12520.7330451
1561 2727.45985958 27877.4015081
1562 1710.78021978 6574.17091483
1563 1331.7 9471.25168213
1564 1620.80799756 5775.09341733
1565 2110.55 8896.92875978
1566 863.25 5578.82842568
1567 2335.05 11833.31232
1568 4978.81244589 139091.466997
1569 1461.51666667 7953.10661873
1570 3033.60654141 25283.9235897
1571 11037.1280311 213100.646576
1572 5139.23956681 33081.9852081
1573 7086.53723317 59069.6029744
1574 8292.41314113 62951.8653367
1575 2270.97293997 14907.6018253
1576 1973.73957431 13482.253075
1577 7578.68807276 59932.6241691
1578 1515.51666667 8618.46732261
1579 2215.0545399 31648.3641279
1580 3968.49786325 183235.306635
1581 4318.40468241 22097.1214776
1582 7008.78412698 121988.86084
1583 2543.36352079 11008.5221017
1584 10909.7601093 179557.326107
1585 5583.13650794 62384.425498
1586 6668.7766317 44333.7046956
1587 1132.65119048 4145.52550961
1588 1616.30952381 24472.0135016
1589 5291.38860861 36572.6739953
1590 10544.6854229 532118.92561
1591 2494.52987334 26215.7582364
1592 3604.79541292 18851.6812275
1593 2705.41020924 15452.428297
1594 2622.85782828 14819.3861372
1595 2674.7768759 14492.3227468
1596 1695.9653941 7276.62753669
1597 4990.22222222 98554.1158579
1598 4048.66623932 44301.1983676
1599 2921.13719336 16327.2398817
1600 1091.83076923 10820.7196878
1601 1609.95388616 8382.06016702
1602 1155.46410256 9701.35990073
1603 2607.63987475 22707.6334138
1604 797.233333333 4266.96731461
1605 1008.25 7218.39095865
1606 2941.85833333 25968.3019878
1607 2811.58018746 12119.9339426
1608 13048.4254163 231331.131389
1609 3526.99761905 54661.4649757
1610 4081.52380952 59670.1817569
1611 5261.54920635 65124.1348953
1612 5383.03492063 64057.8686864
1613 3426.03809524 42407.2999448
1614 3289.01428571 41230.0821682
1615 5703.1981241 141691.179668
1616 8844.96406926 99994.7724828
1617 674.866666667 3172.11207681
1618 2222.48589744 15255.6001675
1619 1222.98589744 6855.44016128
1620 1202.88333333 7760.08178651
1621 4103.27222222 86670.8178381
1622 1031.93650794 4492.78489124
1623 7420.23992512 157213.603018
1624 5245.95018315 39328.8036125
1625 2270.73253968 21116.7731178
1626 1659.01666667 10285.6312675
1627 2317.29965648 20072.4622183
1628 6794.19097096 180036.624962
1629 2107.29789377 12901.4006021
1630 3889.81587295 35187.4507567
1631 2281.31666667 15911.1913525
1632 2145.65 16703.2873104
1633 2096.13122711 12804.396488
1634 5201.52222222 92719.9482894
1635 1359.58333333 5493.32494552
1636 3562.36062271 26528.3078493
1637 919.966666667 5437.50978224
1638 1081.22637363 4184.37612706
1639 1161.97637363 4081.60356249
1640 2795.33485958 27943.9009958
1641 2713.1426308 20811.349658
1642 4381.33408252 35352.5005423
1643 3132.4 22434.0870185
1644 5402.18275336 42916.2108575
1645 2238.46456044 14202.9272334
1646 420.466666667 3400.76054405
1647 2812.70775336 22096.6080311
1648 5206.38131313 138823.280154
1649 1110.93578644 4281.15547537
1650 444.916666667 3273.38551302
1651 955.646789322 3403.98866828
1652 991.634209076 4550.88408349
1653 1336.37059885 4469.15374764
1654 934.5 4605.2190515
1655 1421.9 12917.8783059
1656 2760.38555719 15464.0477275
1657 3189.53333333 26505.7891358
1658 2194.19920635 19807.2562992
1659 2580.05569973 15542.3844268
1660 4112.86666667 29606.9290575
1661 3096.23333333 22592.3286428
1662 2029.61666667 14893.2915295
1663 2252.46036584 12201.7807533
1664 1531.86666667 11347.8224567
1665 2689.78280596 16198.3378167
1666 6469.58516322 152177.991578
1667 5446.51111111 35194.8564193
1668 1524.3 8514.42627705
1669 2613.55 10982.7421842
1670 1351.01666667 7100.61322367
1671 1491.75 10084.4972066
1672 1656.58333333 10126.3245524
1673 2688.0222583 21969.581722
1674 2550.90212843 25190.4450845
1675 5051.93813131 40033.3094035
1676 4823.08492063 58156.8638023
1677 2655.23333333 12322.1588378
1678 5568.01725368 44222.5787606
1679 4310.50555556 82565.4681514
1680 3968.92777778 27318.8049979
1681 2815.05046329 16386.757396
1682 1384.23989899 5310.85122112
1683 6238.29356096 62397.6213927
1684 2473.27159404 12729.2238609
1685 2987.48813131 28775.7106093
1686 2784.48333333 23952.9722291
1687 1237.5541847 4412.7022531
1688 3064.85941269 17755.6946468
1689 3064.1511544 25633.2562302
1690 4453.80555556 82450.993513
1691 2708.90753968 23164.9623934
1692 318.833333333 2986.50825406
1693 423.25 3601.8843403
1694 4113.32610064 50172.7818404
1695 1104.00821679 4849.52772542
1696 7513.53373098 52235.8296631
1697 763.533333333 7826.07987062
1698 1048.28333333 10317.3370888
1699 3694.01709402 32819.911865
1700 4964.53034188 192476.976825
1701 885.453159346 4202.30102485
1702 6523.85897274 152455.841694
1703 1015.58248003 4120.64270595
1704 6063.51416361 98967.979872
1705 3885.42597988 21529.3954911
1706 11173.0352575 79127.5933937
1707 2879.00775336 22491.4595081
1708 4112.59444444 27466.2683402
1709 3059.80775336 24045.0774718
1710 3785.04942002 30629.0525215
1711 1776.17210291 7781.27898898
1712 6688.52563941 153027.033698
1713 10873.5359846 210211.835951
1714 2891.25108599 12022.9372916
1715 4038.82610064 49575.3449449
1716 1952.56409008 8234.28813446
1717 5170.79976661 65524.3549613
1718 6850.17617076 77326.5147161
1719 5135.78461538 50539.4450658
1720 3062.0210944 43708.8412395
1721 1391.88266733 5751.50403554
1722 6903.65995065 105994.836985
1723 914.633333333 4180.1447622
1724 4747.78950713 43971.5554926
1725 3491.03629254 24805.6243558
1726 3073.38813131 28838.4178709
1727 2227.74638365 25627.5163617
1728 9132.6680098 115617.558812
1729 2227.74638365 25627.5163617
1730 5740.24652015 55459.1272613
1731 7502.03625337 77655.4294993
1732 4419.69276731 50595.1555451
1733 2912.25 25155.5436764
1734 4707.39276731 51348.4629092
1735 374.0 2639.0
1736 5689.87268492 59487.3160512
1737 4773.59382168 56987.9161271
1738 6509.90756286 64698.4010914
1739 3906.84646911 39514.1862944
1740 2435.54285714 28130.1202682
1741 6532.92424689 54579.0432894
1742 3293.66666667 28938.9867777
1743 3986.93232265 38228.9300608
1744 8594.5207948 162891.988479
1745 9253.34826557 98908.3607137
1746 2529.11878122 15894.4823677
1747 1494.62380952 5465.0474619
1748 1415.07614053 7982.87204189
1749 2832.06472308 15449.7002315
1750 928.55952381 6684.95765729
1751 581.497619048 3713.67253468
1752 1631.54047619 6154.41258566
1753 1449.32186147 7766.69091947
1754 9975.96864796 96705.9260235
1755 4318.06773982 19311.9939695
1756 9108.47648813 87828.4403954
1757 3261.98813131 29200.8514513
1758 1938.65128205 8131.19770655
1759 6000.32616523 54207.2737341
1760 3860.7952381 29026.6836862
1761 1823.06258692 11104.3750559
1762 6029.48083103 67398.2090719
1763 2195.8058102 14010.3431879
1764 7775.38812746 159472.862637
1765 9085.35798982 91141.6869701
1766 13093.6298617 198456.248954
1767 3990.17980245 40921.7808258
1768 1229.5744453 3837.9821304
1769 704.888406038 3775.70191057
1770 686.866287144 2813.38573802
1771 7981.62140333 75614.5937499
1772 5487.75521669 39708.3504836
1773 5922.33568904 53235.4842508
1774 3294.03968254 14934.289247
1775 2281.40747863 12512.5285174
1776 5487.33916361 91915.7567692
1777 2365.14395604 24966.3781616
1778 7591.44283034 115175.873108
1779 3849.95642883 72560.4901216
1780 3055.04156481 28931.4923527
1781 6944.0730955 117457.024664
1782 9927.34836035 271804.646663
1783 6165.42384516 116123.58396
1784 931.893961594 4288.40653653
1785 8591.26574297 254559.921655
1786 5360.98493003 61859.1033063
1787 2522.40747863 12990.5442272
1788 14582.460871 179506.549457
1789 6994.94096459 212486.436728
1790 822.344227994 5187.7314179
1791 900.041053391 4637.03191613
1792 3459.16162526 15309.1295432
1793 2286.48116921 12686.0989419
1794 951.098363891 5009.63845875
1795 1030.0575973 5551.25084906
1796 1009.78441558 5100.14838844
1797 6978.89995026 56546.964312
1798 6914.44224664 211594.977072
1799 915.569358419 3680.04839546
1800 713.940764791 3547.19133618
1801 784.282568902 3940.67645347
1802 4954.96367521 189994.662174
1803 3028.12013624 27951.5866642
1804 378.0 2639.0
1805 1360.5696834 4669.02367308
1806 1911.89441018 7685.49304597
1807 4917.56692652 26836.8739958
1808 1616.63625314 8478.23509825
1809 2656.71885337 10393.5506953
1810 3891.72300667 19631.8630824
1811 7091.85891331 212008.153052
1812 1193.68060732 6172.75729514
1813 9696.02907508 65759.2971521
1814 3914.31824477 20518.0625175
1815 6369.80651287 43601.5865405
1816 6300.42153189 36974.3544507
1817 3728.56586235 38166.7047474
1818 5428.77712322 32902.6760394
1819 1383.50836316 7690.77752308
1820 11745.2368441 439318.06563
1821 18496.0017551 697896.545896
1822 9555.03716137 127987.283415
1823 8082.33941883 108928.847273
1824 3567.0624713 37133.8926663
1825 7960.30517261 214767.372802
1826 3749.38583672 22396.2743248
1827 6496.31726207 68046.1337867
1828 1581.09343338 10861.6240901
1829 1832.22954318 10470.4006801
1830 7434.85382804 69140.2860364
1831 11969.759424 94060.8250203
1832 8805.2597161 94663.3894099
1833 1003.64935065 5442.68102801
1834 9584.33873553 98043.5878737
1835 1239.12777647 4595.78075669
1836 5870.55716739 182890.697756
1837 2519.98280678 14024.8843199
1838 12600.2225381 409275.092313
1839 9953.45233611 378221.808203
1840 4869.16327561 161502.670266
1841 331.0 2639.0
1842 6597.17314156 332381.257091
1843 13554.5622331 157266.447915
1844 7157.71770378 62310.6385336
1845 5443.90970256 83961.2673623
1846 10977.5367811 110964.537513
1847 2390.89701921 28373.9705706
1848 2115.90257476 26763.9970574
1849 1476.66736023 8800.28412731
1850 6552.41126442 45709.2620058
1851 3308.3044733 38230.7924998
1852 3866.34541847 153935.038339
1853 2823.6044733 32696.7130291
1854 1538.66666667 10542.1207175
1855 5196.7564705 32035.5251893
1856 3187.25158594 18192.8479651
1857 1324.2685507 7238.05223004
1858 2125.30538483 16274.1945191
1859 1853.88375873 11048.9761356
1860 916.483844635 4775.03655596
1861 1306.80837754 5867.05826132
1862 2804.7609635 11207.2596309
1863 2437.59880779 9035.78311858
1864 1379.37063625 6291.74741688
1865 5051.04133298 35681.968569
1866 12650.2291394 141529.021114
1867 3651.98103766 19841.5168605
1868 1637.77397234 9932.1028763
1869 1147.80636001 6225.34265876
1870 2291.00351841 12354.5376259
1871 2370.02512519 12744.6878828
1872 1315.04747607 6946.89989768
1873 3489.22215538 18570.300249
1874 5642.13492329 35021.4856043
1875 1771.35424014 12848.7138404
1876 1470.61495443 10938.1592521
1877 1578.78930508 9986.07628304
1878 615.674945887 3211.35643816
1879 6456.99020699 65433.1227414
1880 1817.39082922 21994.2544398
1881 2360.01732258 11629.6463156
1882 791.533333333 5058.42591659
1883 13972.1836521 142688.837926
1884 13600.6362182 164363.164538
1885 6659.0636261 97589.993406
1886 1187.61666667 8153.30405085
1887 2879.18633818 11512.7786341
1888 2907.44825177 32293.7156819
1889 5224.65160191 39033.3466831
1890 9189.32248507 76943.3727401
1891 514.583333333 3412.42022872
1892 683.264123377 3662.98287359
1893 1716.11732258 9018.74631564
1894 2026.50803364 13631.27222
1895 1711.22863803 11807.4729782
1896 1972.46646271 11619.0247207
1897 1243.62227682 5794.36036476
1898 1212.9423087 6713.2532595
1899 6707.55882997 67531.480498
1900 568.847635942 3075.67260142
1901 4110.09710569 37814.8977316
1902 947.401223398 5031.74882636
1903 960.611342445 4507.73607788
1904 1652.05618295 6091.6765059
1905 6362.90354063 42669.4363691
1906 1197.50419959 5149.10123387
1907 755.416666667 5368.3246372
1908 2585.97113997 29412.6684567
1909 12417.9717275 151269.326902
1910 2569.88028346 28494.7703693
1911 3971.99728515 53911.4039412
1912 9295.9450363 63923.0709034
1913 3146.35804408 32579.8678169
1914 1088.55575552 4392.24378372
1915 1669.86837052 6812.12782169
1916 1674.51342835 6533.92933278
1917 8476.42664768 52608.1274619
1918 1354.92380952 8167.50741558
1919 8987.80324657 60822.4182975
1920 1457.44126429 6819.38875127
1921 1443.97768 6142.26225677
1922 564.546861472 2927.01782525
1923 663.5 4010.41813944
1924 1031.05608542 4676.71801012
1925 1897.54215412 8219.88941806
1926 1816.4912132 7086.17425387
1927 7241.13044247 92782.5144519
1928 3102.53265534 12158.9953156
1929 3050.11011582 14632.1794988
1930 3899.47446326 31326.6916072
1931 701.183333333 4427.90548082
1932 1719.23615837 8579.98757825
1933 6435.53630074 72660.5226134
1934 8220.03325887 205573.69759
1935 2001.91666667 11026.7052067
1936 1643.0 8675.7718734
1937 1072.68333333 5306.60818019
1938 1325.85 6762.02271642
1939 1174.03333333 5739.39275213
1940 4066.23835922 14091.1979047
1941 5210.7327196 16407.9624144
1942 994.956801287 5180.60279959
1943 2212.30099315 13741.0875577
1944 3051.59118074 15232.9619218
1945 3428.53830218 20634.5385793
1946 10238.3589484 91413.2891325
1947 3157.97999025 33085.2429009
1948 10137.3916035 99789.2889593
1949 287.0 2639.0
1950 10582.2348695 104888.00636
1951 21243.3756025 232030.879208
1952 1783.11418714 6639.46396595
1953 379.0 2639.0
1954 4725.09876899 39001.2791175
1955 1258.0103799 5218.19735925
1956 3529.64995331 73315.1500439
1957 2929.58328665 68469.9302617
1958 2835.61661998 67653.0619375
1959 1122.16666667 9262.42434242
1960 1091.01666667 9707.35033781
1961 2490.08328665 63590.4302617
1962 9921.93477282 80414.280438
1963 12399.0306678 538206.147494
1964 15319.344119 558722.400307
1965 5872.56646993 40338.936079
1966 4283.26524718 26870.9994442
1967 7521.08443378 39519.5489025
1968 8870.81848355 84194.66699
1969 1750.12177945 6031.42987043
1970 8813.63383879 110004.182566
1971 1041.77352092 4255.67905486
1972 8916.56123501 108756.783105
1973 7084.51917314 78097.5627836
1974 5180.462253 61914.8768285
1975 7739.39242465 106588.279498
1976 1037.7364361 6412.47660137
1977 1142.50086549 4787.14276412
1978 975.533441558 3553.31696476
1979 1494.78236886 5486.07455028
1980 907.168253968 5136.71245103
1981 22200.0653342 277084.05529
1982 3502.02993403 55173.3228744
1983 5931.80731896 33569.4637719
1984 4326.96362385 60455.7643698
1985 3191.13548959 53393.5074176
1986 5994.10111602 197584.290621
1987 6797.87955752 43797.4604506
1988 5016.31507705 23958.6646082
1989 6689.50843645 206619.530995
1990 3079.79015555 18333.7573092
1991 3306.31661998 74784.7000439
1992 1632.7392113 10632.3167236
1993 8023.73585902 221866.502376
1994 3311.83790445 27891.5709059
1995 1086.04166667 4698.18546022
1996 1040.25 5868.4398253
1997 1298.20833333 7767.81102909
1998 3604.85299087 35318.1763879
1999 4245.8613242 36586.0827022
2000 4292.07358051 25201.5101585
2001 3218.90135829 16134.8509415
2002 1915.19278273 12308.2906953
2003 6094.34970629 201089.524168
2004 14074.5977198 441401.166102
2005 4817.39053621 30106.344208
2006 1363.68333333 11299.8042935
2007 2728.05661213 24320.0232914
2008 3184.26625759 15341.4973989
2009 7570.27487885 207243.96337
2010 4202.80567579 30564.260947
2011 7443.54824153 159896.056866
2012 3760.80818788 19471.7538849
2013 2302.9844586 14793.4956105
2014 2092.44300774 11252.3946309
2015 3730.13262228 18686.5487531
2016 1154.01523338 5270.77510504
2017 2544.96361679 27296.5024511
2018 1560.31886992 9982.85384732
2019 1230.15220325 7978.17114097
2020 3858.20861767 19979.6843467
2021 1506.8531746 4717.90577201
2022 3443.58985865 19872.1409373
2023 1047.90220325 6417.76830165
2024 1001.06886992 5178.72425582
2025 3882.21229883 18945.2984827
2026 2871.61166344 9969.46442166
2027 1103.06886992 4790.80111111
2028 2039.46779193 14628.1506538
2029 1358.19223138 4824.69379882
2030 1961.1480353 6623.05918331
2031 1465.05889805 6526.6699893
2032 1436.81666112 5566.74678539
2033 3231.1219697 31578.7221401
2034 838.533333333 4761.84586194
2035 900.0 7914.0
2036 2824.93268815 19402.4235979
2037 5150.94192693 43611.8150721
2038 1277.4486125 7906.55784206
2039 3065.07599345 27312.7702527
2040 11013.3188272 514337.876329
2041 2914.34027917 25846.6598814
2042 2540.32027832 8171.46709146
2043 1417.75 6195.32977409
2044 8423.52824617 243821.289308
2045 4114.73368853 26023.9575853
2046 3326.09261582 13033.2966715
2047 2416.91661998 61932.5571543
2048 3262.66361679 29581.4874412
2049 1038.17748918 6041.23334584
2050 2097.46228216 8126.29053009
2051 2491.74995331 61754.4856109
2052 3978.59889818 32457.878674
2053 584.917496392 3357.11198752
2054 744.026587302 4436.84768808
2055 1614.0492785 8533.78134619
2056 287.0 2639.0
2057 4174.77636516 31530.9924589
2058 8200.54491284 241987.217879
2059 3693.94498279 26145.1913448
2060 535.781421356 2771.12308802
2061 1355.84350649 6211.66542784
2062 4162.96161047 32258.4123091
2063 16492.7446569 591966.551299
2064 3223.28967947 13862.05009
2065 1013.24129452 3328.11497818
2066 7291.52910919 49256.8220441
2067 307.0 2639.0
2068 4301.61956099 37553.823124
2069 29410.5152165 663785.98526
2070 1125.75469925 4401.00901556
2071 3595.27887488 109041.597821
2072 7555.94824153 160484.318864
2073 11233.2685885 524393.250536
2074 2800.09646879 7917.71821604
2075 8760.27049763 242760.224442
2076 3906.7257881 35863.983434
2077 2054.4480353 7422.1170078
2078 6492.86259574 77881.9504622
2079 17184.6666085 542510.245784
2080 5808.24504107 75610.4508718
2081 4861.69012099 68355.9829021
2082 15375.5607898 525674.89228
2083 2348.88176546 9290.48524373
2084 4175.04063437 57996.1974172
2085 3925.57831613 27702.4008686
2086 3660.29105617 34390.0946617
2087 5247.34871795 38006.8849217
2088 7158.22529415 82449.2921148
2089 3726.77299645 29591.4649186
2090 1107.05884671 3251.56465736
2091 5709.75295815 29244.9392231
2092 1561.67683983 7750.49338655
2093 3062.00833333 12254.5698184
2094 2049.02738095 9792.78410247
2095 5826.39736375 33958.7047893
2096 3539.59819625 21919.408269
2097 3729.89355742 104866.772965
2098 1788.6 8370.92815175
2099 10976.2903249 245822.182824
2100 13285.841533 300627.043691
2101 1227.01666667 3407.29343691
2102 8897.29392136 259995.826279
2103 6523.14810606 254812.77114
2104 5282.24321663 97851.4542247
2105 9813.29922439 289496.674636
2106 7373.92788739 254672.018615
2107 8425.34278499 287040.252308
2108 3648.64962121 34000.2696535
2109 2371.59558824 58628.6674371
2110 5028.17654997 95587.137558
2111 3522.17654997 82071.7665979
2112 3710.26802227 18427.3974865
2113 7876.62688285 153726.827153
2114 11805.38166 146954.460877
2115 4325.19777722 58230.0595384
2116 3248.36017316 20074.5011854
2117 7337.50869547 253378.315116
2118 10104.8568787 277178.260296
2119 9139.05919913 89289.1102616
2120 3119.49962121 31520.0767963
2121 2035.17892157 59806.4270835
2122 338.0 2639.0
2123 3316.1598833 79723.7499312
2124 5580.93676046 43630.0012423
2125 2869.89772727 26874.7526076
2126 3161.49920635 29913.793207
2127 4799.5982684 39704.9074854
2128 2192.71655844 17352.8538152
2129 6339.83784271 84873.5876038
2130 4166.05970418 47103.2481998
2131 10755.6958096 136066.291635
2132 7377.7749943 116684.351576
2133 3214.78152958 19921.4693801
2134 14938.3691471 247651.756443
2135 8629.60247209 205765.979203
2136 8726.53509269 288613.009112
2137 20416.4694361 499018.609591
2138 1801.9955267 28598.1936093
2139 1751.12738095 7962.34803944
2140 3052.94819625 18211.1104058
2141 5981.98225108 66552.7424352
2142 1231.6 5868.58529461
2143 1512.9984127 16825.6483896
2144 917.266666667 3792.7420173
2145 5046.76046176 29372.7868704
2146 6417.11257716 150376.255935
2147 939.266666667 3678.48672983
2148 1505.9955267 26241.6819096
2149 1848.51666667 31165.3170219
2150 7107.5375249 124519.158586
2151 8675.30959596 183467.276654
2152 4292.42352092 39998.5800138
2153 2717.62083333 29192.4344803
2154 5132.13903319 31004.9023466
2155 3493.56165224 20294.8179518
2156 8387.07626263 181503.005225
2157 5495.30569986 33082.7293307
2158 7800.54636475 132309.630943
2159 1289.33929507 17807.632244
2160 733.0 3038.0
2161 2492.69484127 86502.6010173
2162 7967.09004329 77825.3726504
2163 2144.04404762 11458.2424583
2164 1321.25357143 5718.41060247
2165 1503.1297619 5020.9522256
2166 4456.45891053 20128.3529723
2167 528.166666667 2662.16666667
2168 3313.26266234 21747.8374354
2169 3020.61980519 19824.2743402
2170 2871.44260462 13359.6573378
2171 3478.56803752 13731.963518
2172 836.305844156 4518.93656311
2173 1706.79088237 17079.9643723
2174 879.05952381 3467.39736708
2175 3385.59469697 14817.3582304
2176 2213.06565657 8853.3035825
2177 3075.96251804 11217.4116988
2178 704.31547619 3088.01042599
2179 1735.49404762 7268.04692082
2180 1493.28051948 8414.0209999
2181 522.0 2639.0
2182 1951.95635856 14138.8792125
2183 1121.96582633 7917.30452747
2184 1038.45952381 3373.33171319
2185 2188.9835901 21596.824109
2186 3370.80573593 14858.6128237
2187 2152.77738095 7932.58275576
2188 6305.92099567 51456.267873
2189 4016.31287879 36958.9826508
2190 1611.91717172 5190.3196422
2191 5216.19574315 17650.724005
2192 5331.98755411 40857.5810781
2193 7205.36525974 96031.3825147
2194 1282.01428571 3627.37738095
2195 3016.96139971 9108.31551909
2196 3751.91695527 16843.7317561
2197 2678.1299062 16656.2144103
2198 4877.13784271 21348.1670104
2199 3404.99912587 78063.9566517
2200 3189.58245921 76303.3098263
2201 3528.69166667 29006.2246512
2202 1753.68795518 18921.3299333
2203 2508.07537879 27105.0350215
2204 8226.78459596 179711.755225
2205 2455.87954545 25374.5645634
2206 3671.36347403 27322.9432375
2207 1577.4297619 5470.40862464
2208 2586.47537879 16254.6887612
2209 1538.54642857 5978.0484354
2210 971.534920635 4330.41546169
2211 928.333333333 8853.50286685
2212 716.266666667 6905.32414279
2213 1639.86309524 7459.79452608
2214 1051.58333333 6697.10580033
2215 1044.48333333 4645.3999115
2216 3668.33728355 18285.1096416
2217 2586.07732684 11004.4978802
2218 1302.65 3892.05977283
2219 688.75 4158.15277835
2220 1864.69642857 9168.10556143
2221 2260.26309524 11242.169564
2222 1463.20577286 9908.24311256
2223 9984.03935786 181643.430425
2224 1839.5340368 8655.94948892
2225 2808.49642857 13689.7363264
2226 5461.1040404 75663.4753978
2227 6489.6989899 70825.0414353
2228 943.726246512 4453.9223192
2229 715.266666667 3435.2015873
2230 2403.44484127 84292.8676839
2231 1551.62662338 4498.88401955
2232 6671.80761183 94576.1012703
2233 1034.78333333 4973.83611054
2234 223.0 2639.0
2235 1000.90122826 9222.3830495
2236 5719.89938767 46674.0629641
2237 2285.94309163 8284.1409859
2238 1594.04176048 9287.35228151
2239 1216.37599206 4834.79098152
2240 7115.90907382 45659.5404937
2241 1987.82599206 9471.86688535
2242 2258.41690115 7121.10552564
2243 7878.8226912 166578.057877
2244 6700.63975469 88719.9584853
2245 3645.22936508 88077.2490914
2246 1976.14285714 10422.1284581
2247 8492.60363055 167599.199792
2248 5603.56605434 47989.8129641
2249 5202.12348485 83381.0189816
2250 7030.99057609 120674.559692
2251 11763.2041209 162852.340248
2252 4354.87002165 46777.0007673
2253 1573.61785714 8864.0480741
2254 3944.84103665 45901.1012739
2255 4230.70339105 43502.6253576
2256 9707.80859548 211515.008883
2257 7292.99719577 177729.487619
2258 4051.24103665 48156.5298453
2259 2456.8995495 29781.6010906
2260 366.218010753 3129.15130035
2261 502.64047619 2859.47308802
2262 3580.69603175 83401.3526628
2263 4372.24103665 50584.5298453
2264 757.962211982 8172.41284602
2265 694.877534562 3895.50535186
2266 1446.16666667 34689.5047447
2267 2040.79603175 43859.4479181
2268 9269.5682969 140885.810614
2269 2478.61442577 15911.4240465
2270 1793.78823529 12052.3580709
2271 1721.41904762 10502.0909464
2272 1876.45934244 16312.6468642
2273 264.0 2639.0
2274 2455.13902473 15195.0304348
2275 553.25 4803.18571429
2276 1386.45119048 15310.6672702
2277 2485.10277778 36755.2120166
2278 3606.45462185 24777.5049915
2279 4693.74134199 16127.4028067
2280 1677.68333333 29049.8535298
2281 477.866666667 2747.86666667
2282 3562.5512987 39050.8939629
2283 3304.72272727 38218.5160491
2284 2232.61666667 29221.2601399
2285 3202.18463203 35569.3342238
2286 3862.8512987 38431.2722469
2287 4473.24036797 33176.8320122
2288 6671.82864358 63810.1724405
2289 1701.69145022 36167.9455467
2290 1583.15357143 34687.624242
2291 4589.11428571 35466.3851182
2292 1977.62619048 16746.722156
2293 3732.73871598 23780.1901666
2294 1385.99087302 8621.40937862
2295 1651.53452381 9273.45164553
2296 4155.07142857 31127.5190436
2297 6811.41608947 69326.7110961
2298 2352.03174603 42686.6898237
2299 412.214285714 9158.64603175
2300 2239.2202381 12469.3990269
2301 261.252380952 2802.05248255
2302 424.519047619 7454.33559943
2303 342.471428571 3511.85623435
2304 936.41468254 6901.06561592
2305 1341.38730159 11843.0753192
2306 3014.13015873 18089.2774809
2307 1198.82420635 6174.24271196
2308 1008.04801587 8478.18711749
2309 1216.27063492 9331.45865249
2310 1763.83809524 8030.91610724
2311 2010.01944444 14393.4385896
2312 1217.4952381 13195.6625443
2313 941.971428571 3556.41813881
2314 5079.51727994 34610.7316833
2315 1116.96904762 12686.5460635
2316 449.054761905 4000.34432959
2317 1138.85396825 6858.87531915
2318 1894.25396825 13587.1355377
2319 1202.50238095 5940.61348843
2320 7499.973557 28621.4251047
2321 4315.41695527 61294.1531217
2322 1290.9 32127.238078
2323 390.0 2639.0
2324 3139.2008658 19549.0585869
2325 1227.1452381 20113.805074
2326 509.433333333 4153.41057554
2327 290.15 2766.22878788
2328 1590.43095238 18547.2376334
2329 526.666666667 3085.90714286
2330 1391.6 29873.3214113
2331 1242.40238095 12780.9349824
2332 1038.76666667 23528.751312
2333 3229.64674578 21120.1669031
2334 3693.61443001 60061.3045567
2335 2510.23095238 10085.5868883
2336 14612.7194901 226360.768682
2337 7349.81341245 92135.1292061
2338 17624.0869769 256425.765353
2339 7496.29198388 90163.6077775
2340 6403.95487013 100312.351192
2341 11606.9096681 102360.323949
2342 2995.19022367 54621.9082043
2343 7181.32435065 89503.193155
2344 2500.82380952 21050.859658
2345 3042.52380952 24773.4013619
2346 4510.29047619 67138.5861125
2347 5979.01865079 92159.112227
2348 1400.82857143 15621.6625443
2349 4685.89047619 65138.6861125
2350 1137.0 7983.33333333
2351 2478.72857143 39658.8569015
2352 13726.6390341 156946.413885
2353 11461.2642857 184551.669526
2354 9708.73834776 119957.970175
2355 2425.62638889 12818.5453092
2356 5384.36136364 49092.162199
2357 12539.6877706 132837.614555
2358 9450.77599111 79792.0949011
2359 11330.6642857 183073.726156
2360 14955.2454365 201654.502959
2361 11247.219246 154193.5447
2362 5006.31428571 53349.1594669
2363 8492.3540404 102424.459156
2364 3547.78658009 23407.244105
2365 881.766666667 20918.751312
2366 140.0 2639.0
2367 828.516666667 18487.001312
2368 288.0 5277.0
2369 5568.95 66520.5299131
2370 3080.03571429 38064.4957904
2371 529.266666667 10846.4179787
2372 6825.85952381 81679.1264267
2373 365.066666667 4872.87951632
2374 3291.37619048 27865.8521396
2375 1736.11666667 24002.7601399
2376 1770.31904762 16995.814437
2377 217.0 2639.0
2378 457.0 5277.0
2379 1639.3224026 18669.3966285
2380 1336.3224026 16097.3966285
2381 4950.20238095 102181.428415
2382 5299.93571429 104655.828415
2383 2014.72857143 30877.2342646
2384 5129.73333333 63952.3132464
2385 4570.64761905 50828.4928002
2386 6045.31904762 69677.2369582
2387 3172.64365079 28242.524259
2388 3921.41587302 49954.609389
2389 4191.4468254 36202.5918427
2390 3679.71587302 51753.1021677
2391 1150.45515873 6084.27848886
2392 3461.52579365 38486.9448048
2393 3071.97362915 42330.2456286
2394 1836.67619048 13133.2579687
2395 491.583333333 7400.24618298
2396 347.4 2778.55
2397 1612.48571429 14497.6477703
2398 480.6 8685.17035961
2399 1220.40238095 11086.3532174
2400 1176.66904762 5135.44914525
2401 1633.50238095 12171.8311036
2402 459.333333333 6917.72274056
2403 1446.26190476 9688.06031746
2404 833.5 5435.33333333
2405 3414.61587302 49262.0021677
2406 559.4 6877.08705453
2407 130.0 2639.0
2408 576.316666667 5883.53336159
2409 1314.73571429 5998.01696302
2410 2075.66190476 12027.1011307
2411 1531.97142857 9510.0676914
2412 1211.87380952 7535.48133533
2413 822.4 10660.4153547
2414 954.288095238 7359.12222205
2415 1661.45714286 12075.0976644
2416 958.233333333 13261.248688
2417 5331.88452381 60729.1576695
2418 6295.36746032 58005.9444858
2419 625.166666667 2946.16666667
2420 1127.17460317 13122.5332516
2421 793.333333333 3212.18174603
2422 1515.17857143 7457.72698413
2423 936.261904762 3317.3452381
2424 1172.33333333 7056.81507937
2425 797.833333333 4372.6484127
2426 1206.5 9364.98174603
2427 4781.51666667 61435.0965798
2428 2192.75238095 17310.3425147
2429 2231.51666667 26419.3399304
2430 2289.66666667 32567.923316
2431 1675.58333333 17000.213132
2432 5592.81904762 67221.5202916
2433 1267.67857143 7254.67857143
2434 726.666666667 4341.08333333
2435 1394.82142857 14717.6449002
2436 4220.48095238 48380.6356573
2437 1908.26190476 16561.2072273
2438 5709.40714286 65845.3282776
2439 1403.08095238 8007.90944608
2440 1567.58571429 4036.0015873
2441 2666.6547619 37673.342309
2442 1169.97857143 10968.474363
2443 1433.18095238 7513.44099258
2444 1686.77380952 10387.0803907
2445 4424.96428571 46609.7142288
2446 1947.1 23898.9312002
2447 2032.66666667 30111.923316
2448 1560.84285714 10677.7579687
2449 1935.28333333 23389.5249629
2450 1983.85 21792.5475783
2451 1407.92619048 8430.12463533
2452 523.0 2996.86637807
2453 533.5 3037.53304473
2454 1055.61666667 9519.99685623
2455 2196.58333333 28294.4563608
2456 980.683333333 8186.22117693
2457 993.983333333 7420.77807764
2458 801.083333333 6236.90239595
2459 1452.71666667 15063.0587581
2460 2405.14285714 14915.3076218
2461 1512.22142857 12298.3766838
2462 891.05 14016.9595045
2463 665.666666667 8726.60201465
2464 1145.18809524 4363.27271912
2465 1213.05 12752.1823692
2466 4669.11904762 99745.6784154
2467 992.283333333 7706.61352289
2468 2241.95 15154.2852951
2469 2491.78333333 15915.3810074
2470 2222.78333333 13384.0476741
2471 734.883333333 5531.71479451
2472 890.666666667 4666.37962943
2473 565.5 6531.37976379
2474 776.416666667 5635.53379289
2475 1464.91666667 11869.3984127
2476 2804.78333333 18460.3810074
2477 6086.11904762 100038.226756
2478 811.85 5770.55451026
2479 1881.08571429 14839.9853719
2480 1191.53333333 11195.7582492
2481 3324.91904762 70066.4956763
2482 3633.84444444 47541.2379605
2483 2421.96904762 35464.8157811
2484 761.75 4999.45818101
2485 583.016666667 6494.31220673
2486 904.55 3948.74358974
2487 1410.56666667 5711.18211569
2488 617.866666667 3303.76198665
2489 1014.03333333 12155.0131842
2490 942.633333333 6914.31370662
2491 2723.47380952 18298.9006337
2492 1173.71666667 7639.26248751
2493 904.883333333 3933.27402597
2494 911.75 6876.1433167
2495 481.416666667 2799.08333333
2496 1499.10714286 9290.67476387
2497 1588.06666667 13322.7934916
2498 504.316666667 3194.05367965
2499 940.0 5417.28597675
2500 4108.87777778 46911.1231843
2501 3255.1 37001.2829722
2502 1343.56666667 6026.42803615
2503 1656.78333333 20844.0249629
2504 1461.51349206 9034.49295576
2505 444.516666667 4122.16719882
2506 1761.13809524 10843.4743831
2507 2111.26190476 14443.8297021
2508 1493.35714286 12120.6733515
2509 1756.23571429 24897.3360365
2510 2199.96666667 20078.3661716
2511 1353.08333333 7357.32392359
2512 614.5 3556.67810494
2513 3552.35 35276.2329722
2514 1165.16666667 9103.2433167
2515 1584.26666667 11497.7557462
2516 1433.18333333 9161.55682621
2517 1259.71666667 8066.90857873
2518 1091.5 10764.4993496
2519 664.966666667 4859.90468001
2520 952.416666667 8575.09001833
2521 3066.62619048 31986.8009323
2522 2522.96666667 16943.4592928
2523 1462.58333333 9342.60536836
2524 1785.16666667 16455.8303373
2525 3526.22142857 22720.6135509
2526 1159.21666667 5988.52963777
2527 1275.22380952 9786.79001817
2528 586.723809524 3342.94677643
2529 2278.04047619 21591.1296154
2530 606.433333333 4319.14743965
2531 1184.36825397 6504.34771767
2532 3349.13095238 34859.097155
2533 3338.23809524 30171.6738508
2534 3978.04285714 34983.1511982
2535 3314.2047619 30369.0954899
2536 2412.50714286 20618.9423542
2537 473.166666667 5329.63333333
2538 2768.14029582 39766.4122953
2539 3733.52142857 39984.6577269
2540 841.841269841 10533.6999183
2541 3054.27380952 20622.5315212
2542 4726.7047619 49272.8219825
2543 1103.3224026 13555.3966285
2544 2271.65 15296.850484
2545 2111.88333333 13953.5467763
2546 2233.05 15346.17639
2547 1018.8047619 4178.51781441
2548 3685.06031746 31564.5643675
2549 609.174603175 7965.5332516
2550 1477.04859307 11622.122819
2551 4094.5547619 34655.6213786
2552 958.353354978 4226.19341391
2553 973.821428571 5608.179884
2554 2050.92698413 19975.065834
2555 2101.34126984 33686.3689161
2556 639.9 12847.4192594
2557 1794.8952381 28312.4009313
2558 1011.13650794 3550.76533483
2559 450.091269841 5444.00142203
2560 2524.80696248 37226.0789619
2561 2435.2531746 18155.2872626
2562 2076.6452381 26259.1509313
2563 988.883333333 12809.2398601
2564 812.416666667 3703.30154731
2565 696.9 3612.00501356
2566 807.507936508 8311.05065087
2567 2274.74126984 31979.002982
2568 657.9 3435.3007326
2569 404.007936508 3273.64007316
2570 629.657936508 5774.75215463
2571 1040.58235931 5037.35896704
2572 3002.94981962 35411.2218191
2573 920.950793651 7630.04943086
2574 914.542857143 3371.15952381
2575 831.071428571 3520.31476465
2576 2780.2 19833.8952334
2577 751.950793651 5134.81133562
2578 540.807936508 3565.6241391
2579 819.233333333 3867.10587369
2580 1296.97619048 10079.3228238
2581 623.0 7913.0
2582 1603.47619048 21005.5396117
2583 1122.73333333 18810.7399455
2584 319.7 2734.7
2585 634.0 5277.0
2586 1565.00952381 18703.9062783
2587 511.766666667 3713.31802985
2588 543.766666667 5178.01145766
2589 1474.17619048 14309.072945
2590 618.666666667 6987.36009448
2591 1792.74285714 18792.429436
2592 902.176190476 4007.02572023
2593 948.176190476 5979.29563239
2594 1733.56666667 24619.8525603
2595 1151.57619048 7591.25615717
2596 1474.4 22034.6858937
2597 1405.06666667 19673.3525603
2598 1064.36666667 16136.0101399
2599 388.0 5277.0
2600 167.0 2639.0
2601 358.0 5277.0
2602 457.95 5812.26013986
2603 914.783333333 13596.7601399
2604 368.283333333 3469.51684982
2605 671.25 8282.50670996
2606 785.383333333 10194.7398601
2607 388.0 5277.0
2608 310.0 5277.0
2609 738.0 10547.0
2610 787.328571429 17071.2178428
2611 639.0 5277.0
2612 144.0 2639.0
2613 533.0 7914.0
2614 2357.35714286 46875.714724
2615 3029.93095238 60605.0909144
2616 2372.97142857 51637.3813906
2617 805.0 10549.0
2618 840.595238095 19515.3297476
2619 1282.87142857 26331.4104187
2620 1368.99047619 31220.0794663
2621 3077.08571429 65298.162343
2622 3119.25238095 67617.8290097
2623 380.0 5277.0
2624 143.0 2639.0
2625 179.0 2639.0
2626 335.0 2639.0
2627 202.0 2639.0
2628 306.0 2639.0
2629 173.0 2639.0
2630 247.0 2639.0
2631 217.0 2639.0
2632 231.0 2639.0
2633 297.0 2639.0
2634 398.0 5277.0
2635 190.0 2639.0
2636 295.0 2639.0
2637 172.0 2639.0
2638 172.0 2639.0
2639 202.0 2639.0
2640 182.0 2639.0
2641 182.0 2639.0
2642 297.0 2639.0
