grid10 0.200000 0.100000 2 0.366465
grid10 0.200000 0.100000 2 0.461010
grid10 0.200000 0.100000 2 0.486465
grid10 0.200000 0.100000 2 0.293333
grid10 0.200000 0.100000 2 0.688081
grid10 0.200000 0.100000 2 0.469091
grid10 0.200000 0.100000 2 0.549495
grid10 0.200000 0.100000 2 0.444848
grid10 0.200000 0.100000 2 0.492525
grid10 0.200000 0.100000 2 0.432727
grid10 0.200000 0.100000 2 0.403232
grid10 0.200000 0.100000 2 0.421010
grid10 0.200000 0.100000 2 0.298586
grid10 0.200000 0.100000 2 0.360000
grid10 0.200000 0.100000 2 0.379798
grid10 0.200000 0.100000 2 0.194343
grid10 0.200000 0.100000 2 0.345859
grid10 0.200000 0.100000 2 0.258990
grid10 0.200000 0.100000 2 0.454545
grid10 0.200000 0.100000 2 0.340606
grid10 0.200000 0.100000 2 0.671515
grid10 0.200000 0.100000 2 0.258182
grid10 0.200000 0.100000 2 0.446465
grid10 0.200000 0.100000 2 0.273131
grid10 0.200000 0.100000 2 0.495354
grid10 0.200000 0.100000 2 0.541010
grid10 0.200000 0.100000 2 0.366061
grid10 0.200000 0.100000 2 0.490505
grid10 0.200000 0.100000 2 0.497374
grid10 0.200000 0.100000 2 0.307475
grid10 0.200000 0.100000 4 0.623030
grid10 0.200000 0.100000 4 0.669495
grid10 0.200000 0.100000 4 0.569697
grid10 0.200000 0.100000 4 0.614949
grid10 0.200000 0.100000 4 0.666263
grid10 0.200000 0.100000 4 0.631111
grid10 0.200000 0.100000 4 0.728889
grid10 0.200000 0.100000 4 0.801212
grid10 0.200000 0.100000 4 0.795960
grid10 0.200000 0.100000 4 0.669091
grid10 0.200000 0.100000 4 0.570909
grid10 0.200000 0.100000 4 0.612525
grid10 0.200000 0.100000 4 0.665051
grid10 0.200000 0.100000 4 0.664646
grid10 0.200000 0.100000 4 0.795556
grid10 0.200000 0.100000 4 0.539394
grid10 0.200000 0.100000 4 0.675556
grid10 0.200000 0.100000 4 0.528889
grid10 0.200000 0.100000 4 0.726465
grid10 0.200000 0.100000 4 0.490909
grid10 0.200000 0.100000 4 0.661818
grid10 0.200000 0.100000 4 0.682020
grid10 0.200000 0.100000 4 0.653737
grid10 0.200000 0.100000 4 0.734545
grid10 0.200000 0.100000 4 0.528081
grid10 0.200000 0.100000 4 0.603232
grid10 0.200000 0.100000 4 0.745455
grid10 0.200000 0.100000 4 0.606465
grid10 0.200000 0.100000 4 0.631515
grid10 0.200000 0.100000 4 0.737778
grid10 0.200000 0.100000 6 0.898586
grid10 0.200000 0.100000 6 0.752727
grid10 0.200000 0.100000 6 0.765657
grid10 0.200000 0.100000 6 0.812929
grid10 0.200000 0.100000 6 0.720000
grid10 0.200000 0.100000 6 0.774949
grid10 0.200000 0.100000 6 0.844848
grid10 0.200000 0.100000 6 0.803636
grid10 0.200000 0.100000 6 0.789091
grid10 0.200000 0.100000 6 0.786667
grid10 0.200000 0.100000 6 0.818586
grid10 0.200000 0.100000 6 0.817374
grid10 0.200000 0.100000 6 0.787071
grid10 0.200000 0.100000 6 0.811313
grid10 0.200000 0.100000 6 0.865051
grid10 0.200000 0.100000 6 0.748283
grid10 0.200000 0.100000 6 0.808081
grid10 0.200000 0.100000 6 0.804444
grid10 0.200000 0.100000 6 0.754747
grid10 0.200000 0.100000 6 0.832727
grid10 0.200000 0.100000 6 0.812525
grid10 0.200000 0.100000 6 0.700202
grid10 0.200000 0.100000 6 0.796768
grid10 0.200000 0.100000 6 0.821818
grid10 0.200000 0.100000 6 0.816162
grid10 0.200000 0.100000 6 0.729697
grid10 0.200000 0.100000 6 0.745051
grid10 0.200000 0.100000 6 0.791111
grid10 0.200000 0.100000 6 0.758384
grid10 0.200000 0.100000 6 0.795556
grid10 0.200000 0.100000 8 0.873131
grid10 0.200000 0.100000 8 0.880808
grid10 0.200000 0.100000 8 0.851313
grid10 0.200000 0.100000 8 0.808485
grid10 0.200000 0.100000 8 0.861010
grid10 0.200000 0.100000 8 0.841616
grid10 0.200000 0.100000 8 0.851313
grid10 0.200000 0.100000 8 0.858586
grid10 0.200000 0.100000 8 0.791515
grid10 0.200000 0.100000 8 0.868283
grid10 0.200000 0.100000 8 0.878384
grid10 0.200000 0.100000 8 0.834747
grid10 0.200000 0.100000 8 0.881616
grid10 0.200000 0.100000 8 0.837980
grid10 0.200000 0.100000 8 0.856970
grid10 0.200000 0.100000 8 0.846869
grid10 0.200000 0.100000 8 0.862222
grid10 0.200000 0.100000 8 0.909495
grid10 0.200000 0.100000 8 0.901818
grid10 0.200000 0.100000 8 0.884040
grid10 0.200000 0.100000 8 0.915960
grid10 0.200000 0.100000 8 0.805253
grid10 0.200000 0.100000 8 0.850101
grid10 0.200000 0.100000 8 0.804040
grid10 0.200000 0.100000 8 0.886465
grid10 0.200000 0.100000 8 0.833535
grid10 0.200000 0.100000 8 0.878384
grid10 0.200000 0.100000 8 0.855354
grid10 0.200000 0.100000 8 0.863030
grid10 0.200000 0.100000 8 0.906667
grid10 0.200000 0.100000 10 0.903838
grid10 0.200000 0.100000 10 0.902222
grid10 0.200000 0.100000 10 0.906667
grid10 0.200000 0.100000 10 0.905859
grid10 0.200000 0.100000 10 0.922020
grid10 0.200000 0.100000 10 0.897778
grid10 0.200000 0.100000 10 0.905859
grid10 0.200000 0.100000 10 0.928081
grid10 0.200000 0.100000 10 0.896162
grid10 0.200000 0.100000 10 0.905051
grid10 0.200000 0.100000 10 0.859798
grid10 0.200000 0.100000 10 0.901414
grid10 0.200000 0.100000 10 0.881616
grid10 0.200000 0.100000 10 0.901010
grid10 0.200000 0.100000 10 0.910707
grid10 0.200000 0.100000 10 0.889293
grid10 0.200000 0.100000 10 0.912727
grid10 0.200000 0.100000 10 0.912727
grid10 0.200000 0.100000 10 0.921616
grid10 0.200000 0.100000 10 0.881616
grid10 0.200000 0.100000 10 0.900606
grid10 0.200000 0.100000 10 0.916768
grid10 0.200000 0.100000 10 0.913939
grid10 0.200000 0.100000 10 0.889293
grid10 0.200000 0.100000 10 0.902626
grid10 0.200000 0.100000 10 0.855758
grid10 0.200000 0.100000 10 0.915556
grid10 0.200000 0.100000 10 0.911111
grid10 0.200000 0.100000 10 0.862222
grid10 0.200000 0.100000 10 0.894545
grid10 0.200000 0.100000 12 0.907879
grid10 0.200000 0.100000 12 0.928889
grid10 0.200000 0.100000 12 0.922020
grid10 0.200000 0.100000 12 0.919596
grid10 0.200000 0.100000 12 0.932121
grid10 0.200000 0.100000 12 0.926465
grid10 0.200000 0.100000 12 0.927677
grid10 0.200000 0.100000 12 0.926465
grid10 0.200000 0.100000 12 0.926465
grid10 0.200000 0.100000 12 0.924444
grid10 0.200000 0.100000 12 0.918788
grid10 0.200000 0.100000 12 0.920000
grid10 0.200000 0.100000 12 0.930101
grid10 0.200000 0.100000 12 0.932929
grid10 0.200000 0.100000 12 0.926061
grid10 0.200000 0.100000 12 0.933737
grid10 0.200000 0.100000 12 0.925253
grid10 0.200000 0.100000 12 0.925253
grid10 0.200000 0.100000 12 0.918788
grid10 0.200000 0.100000 12 0.919192
grid10 0.200000 0.100000 12 0.915960
grid10 0.200000 0.100000 12 0.922020
grid10 0.200000 0.100000 12 0.895758
grid10 0.200000 0.100000 12 0.918788
grid10 0.200000 0.100000 12 0.934141
grid10 0.200000 0.100000 12 0.916364
grid10 0.200000 0.100000 12 0.932525
grid10 0.200000 0.100000 12 0.905455
grid10 0.200000 0.100000 12 0.931313
grid10 0.200000 0.100000 12 0.915960
grid10 0.200000 0.100000 14 0.939798
grid10 0.200000 0.100000 14 0.936566
grid10 0.200000 0.100000 14 0.932929
grid10 0.200000 0.100000 14 0.933333
grid10 0.200000 0.100000 14 0.933737
grid10 0.200000 0.100000 14 0.934141
grid10 0.200000 0.100000 14 0.941010
grid10 0.200000 0.100000 14 0.936970
grid10 0.200000 0.100000 14 0.929697
grid10 0.200000 0.100000 14 0.928889
grid10 0.200000 0.100000 14 0.934949
grid10 0.200000 0.100000 14 0.937778
grid10 0.200000 0.100000 14 0.944242
grid10 0.200000 0.100000 14 0.932525
grid10 0.200000 0.100000 14 0.935354
grid10 0.200000 0.100000 14 0.924848
grid10 0.200000 0.100000 14 0.936970
grid10 0.200000 0.100000 14 0.923636
grid10 0.200000 0.100000 14 0.936970
grid10 0.200000 0.100000 14 0.941010
grid10 0.200000 0.100000 14 0.937778
grid10 0.200000 0.100000 14 0.933333
grid10 0.200000 0.100000 14 0.934141
grid10 0.200000 0.100000 14 0.924444
grid10 0.200000 0.100000 14 0.931717
grid10 0.200000 0.100000 14 0.927677
grid10 0.200000 0.100000 14 0.936970
grid10 0.200000 0.100000 14 0.934545
grid10 0.200000 0.100000 14 0.932929
grid10 0.200000 0.100000 14 0.930909
grid10 0.200000 0.100000 16 0.934545
grid10 0.200000 0.100000 16 0.945455
grid10 0.200000 0.100000 16 0.936566
grid10 0.200000 0.100000 16 0.944242
grid10 0.200000 0.100000 16 0.935758
grid10 0.200000 0.100000 16 0.934141
grid10 0.200000 0.100000 16 0.936566
grid10 0.200000 0.100000 16 0.935354
grid10 0.200000 0.100000 16 0.934141
grid10 0.200000 0.100000 16 0.932525
grid10 0.200000 0.100000 16 0.939394
grid10 0.200000 0.100000 16 0.937374
grid10 0.200000 0.100000 16 0.939798
grid10 0.200000 0.100000 16 0.932121
grid10 0.200000 0.100000 16 0.940606
grid10 0.200000 0.100000 16 0.940202
grid10 0.200000 0.100000 16 0.941818
grid10 0.200000 0.100000 16 0.934545
grid10 0.200000 0.100000 16 0.935354
grid10 0.200000 0.100000 16 0.930909
grid10 0.200000 0.100000 16 0.940202
grid10 0.200000 0.100000 16 0.929697
grid10 0.200000 0.100000 16 0.932929
grid10 0.200000 0.100000 16 0.931313
grid10 0.200000 0.100000 16 0.930505
grid10 0.200000 0.100000 16 0.934949
grid10 0.200000 0.100000 16 0.939798
grid10 0.200000 0.100000 16 0.938990
grid10 0.200000 0.100000 16 0.935354
grid10 0.200000 0.100000 16 0.942222
grid10 0.200000 0.200000 2 0.338586
grid10 0.200000 0.200000 2 0.563636
grid10 0.200000 0.200000 2 0.663030
grid10 0.200000 0.200000 2 0.475152
grid10 0.200000 0.200000 2 0.429091
grid10 0.200000 0.200000 2 0.493737
grid10 0.200000 0.200000 2 0.600808
grid10 0.200000 0.200000 2 0.209697
grid10 0.200000 0.200000 2 0.223434
grid10 0.200000 0.200000 2 0.630303
grid10 0.200000 0.200000 2 0.317172
grid10 0.200000 0.200000 2 0.388283
grid10 0.200000 0.200000 2 0.395152
grid10 0.200000 0.200000 2 0.447273
grid10 0.200000 0.200000 2 0.444040
grid10 0.200000 0.200000 2 0.551919
grid10 0.200000 0.200000 2 0.391515
grid10 0.200000 0.200000 2 0.629899
grid10 0.200000 0.200000 2 0.315960
grid10 0.200000 0.200000 2 0.436364
grid10 0.200000 0.200000 2 0.442424
grid10 0.200000 0.200000 2 0.187879
grid10 0.200000 0.200000 2 0.243232
grid10 0.200000 0.200000 2 0.537778
grid10 0.200000 0.200000 2 0.494949
grid10 0.200000 0.200000 2 0.417374
grid10 0.200000 0.200000 2 0.280000
grid10 0.200000 0.200000 2 0.491313
grid10 0.200000 0.200000 2 0.672323
grid10 0.200000 0.200000 2 0.568889
grid10 0.200000 0.200000 4 0.703434
grid10 0.200000 0.200000 4 0.642828
grid10 0.200000 0.200000 4 0.760404
grid10 0.200000 0.200000 4 0.734141
grid10 0.200000 0.200000 4 0.671515
grid10 0.200000 0.200000 4 0.587071
grid10 0.200000 0.200000 4 0.777778
grid10 0.200000 0.200000 4 0.541414
grid10 0.200000 0.200000 4 0.574141
grid10 0.200000 0.200000 4 0.566061
grid10 0.200000 0.200000 4 0.731313
grid10 0.200000 0.200000 4 0.798384
grid10 0.200000 0.200000 4 0.689293
grid10 0.200000 0.200000 4 0.551515
grid10 0.200000 0.200000 4 0.701818
grid10 0.200000 0.200000 4 0.540202
grid10 0.200000 0.200000 4 0.692929
grid10 0.200000 0.200000 4 0.644040
grid10 0.200000 0.200000 4 0.797576
grid10 0.200000 0.200000 4 0.765657
grid10 0.200000 0.200000 4 0.665455
grid10 0.200000 0.200000 4 0.713939
grid10 0.200000 0.200000 4 0.754343
grid10 0.200000 0.200000 4 0.726061
grid10 0.200000 0.200000 4 0.669091
grid10 0.200000 0.200000 4 0.581414
grid10 0.200000 0.200000 4 0.610101
grid10 0.200000 0.200000 4 0.611717
grid10 0.200000 0.200000 4 0.709091
grid10 0.200000 0.200000 4 0.741010
grid10 0.200000 0.200000 6 0.778990
grid10 0.200000 0.200000 6 0.783434
grid10 0.200000 0.200000 6 0.708283
grid10 0.200000 0.200000 6 0.755556
grid10 0.200000 0.200000 6 0.842424
grid10 0.200000 0.200000 6 0.876364
grid10 0.200000 0.200000 6 0.825455
grid10 0.200000 0.200000 6 0.815758
grid10 0.200000 0.200000 6 0.787475
grid10 0.200000 0.200000 6 0.884040
grid10 0.200000 0.200000 6 0.822626
grid10 0.200000 0.200000 6 0.692121
grid10 0.200000 0.200000 6 0.781010
grid10 0.200000 0.200000 6 0.791919
grid10 0.200000 0.200000 6 0.823030
grid10 0.200000 0.200000 6 0.780606
grid10 0.200000 0.200000 6 0.842424
grid10 0.200000 0.200000 6 0.765253
grid10 0.200000 0.200000 6 0.746263
grid10 0.200000 0.200000 6 0.769697
grid10 0.200000 0.200000 6 0.728889
grid10 0.200000 0.200000 6 0.795152
grid10 0.200000 0.200000 6 0.798788
grid10 0.200000 0.200000 6 0.827071
grid10 0.200000 0.200000 6 0.783434
grid10 0.200000 0.200000 6 0.793939
grid10 0.200000 0.200000 6 0.863838
grid10 0.200000 0.200000 6 0.796364
grid10 0.200000 0.200000 6 0.861010
grid10 0.200000 0.200000 6 0.873131
grid10 0.200000 0.200000 8 0.826263
grid10 0.200000 0.200000 8 0.879596
grid10 0.200000 0.200000 8 0.815354
grid10 0.200000 0.200000 8 0.882828
grid10 0.200000 0.200000 8 0.886465
grid10 0.200000 0.200000 8 0.872727
grid10 0.200000 0.200000 8 0.907071
grid10 0.200000 0.200000 8 0.887677
grid10 0.200000 0.200000 8 0.881616
grid10 0.200000 0.200000 8 0.892929
grid10 0.200000 0.200000 8 0.896162
grid10 0.200000 0.200000 8 0.870303
grid10 0.200000 0.200000 8 0.868687
grid10 0.200000 0.200000 8 0.852121
grid10 0.200000 0.200000 8 0.928485
grid10 0.200000 0.200000 8 0.911515
grid10 0.200000 0.200000 8 0.858990
grid10 0.200000 0.200000 8 0.837576
grid10 0.200000 0.200000 8 0.877576
grid10 0.200000 0.200000 8 0.867071
grid10 0.200000 0.200000 8 0.835556
grid10 0.200000 0.200000 8 0.903838
grid10 0.200000 0.200000 8 0.836364
grid10 0.200000 0.200000 8 0.863838
grid10 0.200000 0.200000 8 0.894545
grid10 0.200000 0.200000 8 0.848485
grid10 0.200000 0.200000 8 0.917576
grid10 0.200000 0.200000 8 0.857374
grid10 0.200000 0.200000 8 0.902222
grid10 0.200000 0.200000 8 0.879192
grid10 0.200000 0.200000 10 0.906667
grid10 0.200000 0.200000 10 0.935354
grid10 0.200000 0.200000 10 0.923636
grid10 0.200000 0.200000 10 0.917576
grid10 0.200000 0.200000 10 0.912323
grid10 0.200000 0.200000 10 0.928889
grid10 0.200000 0.200000 10 0.936566
grid10 0.200000 0.200000 10 0.919192
grid10 0.200000 0.200000 10 0.916768
grid10 0.200000 0.200000 10 0.935354
grid10 0.200000 0.200000 10 0.919192
grid10 0.200000 0.200000 10 0.921212
grid10 0.200000 0.200000 10 0.923636
grid10 0.200000 0.200000 10 0.937374
grid10 0.200000 0.200000 10 0.914747
grid10 0.200000 0.200000 10 0.917172
grid10 0.200000 0.200000 10 0.934141
grid10 0.200000 0.200000 10 0.931717
grid10 0.200000 0.200000 10 0.901010
grid10 0.200000 0.200000 10 0.926465
grid10 0.200000 0.200000 10 0.936566
grid10 0.200000 0.200000 10 0.924848
grid10 0.200000 0.200000 10 0.891313
grid10 0.200000 0.200000 10 0.893737
grid10 0.200000 0.200000 10 0.922828
grid10 0.200000 0.200000 10 0.894949
grid10 0.200000 0.200000 10 0.915556
grid10 0.200000 0.200000 10 0.917980
grid10 0.200000 0.200000 10 0.911919
grid10 0.200000 0.200000 10 0.902222
grid10 0.200000 0.200000 12 0.937374
grid10 0.200000 0.200000 12 0.930909
grid10 0.200000 0.200000 12 0.924444
grid10 0.200000 0.200000 12 0.926061
grid10 0.200000 0.200000 12 0.912323
grid10 0.200000 0.200000 12 0.935758
grid10 0.200000 0.200000 12 0.929293
grid10 0.200000 0.200000 12 0.934545
grid10 0.200000 0.200000 12 0.920000
grid10 0.200000 0.200000 12 0.929697
grid10 0.200000 0.200000 12 0.941818
grid10 0.200000 0.200000 12 0.915556
grid10 0.200000 0.200000 12 0.921212
grid10 0.200000 0.200000 12 0.922828
grid10 0.200000 0.200000 12 0.938990
grid10 0.200000 0.200000 12 0.927677
grid10 0.200000 0.200000 12 0.928485
grid10 0.200000 0.200000 12 0.930505
grid10 0.200000 0.200000 12 0.934545
grid10 0.200000 0.200000 12 0.939798
grid10 0.200000 0.200000 12 0.936970
grid10 0.200000 0.200000 12 0.930505
grid10 0.200000 0.200000 12 0.929293
grid10 0.200000 0.200000 12 0.943434
grid10 0.200000 0.200000 12 0.936566
grid10 0.200000 0.200000 12 0.938990
grid10 0.200000 0.200000 12 0.922828
grid10 0.200000 0.200000 12 0.928889
grid10 0.200000 0.200000 12 0.925657
grid10 0.200000 0.200000 12 0.941414
grid10 0.200000 0.200000 14 0.930101
grid10 0.200000 0.200000 14 0.938990
grid10 0.200000 0.200000 14 0.939798
grid10 0.200000 0.200000 14 0.943838
grid10 0.200000 0.200000 14 0.931313
grid10 0.200000 0.200000 14 0.934141
grid10 0.200000 0.200000 14 0.937374
grid10 0.200000 0.200000 14 0.930505
grid10 0.200000 0.200000 14 0.945859
grid10 0.200000 0.200000 14 0.936162
grid10 0.200000 0.200000 14 0.938586
grid10 0.200000 0.200000 14 0.948687
grid10 0.200000 0.200000 14 0.943030
grid10 0.200000 0.200000 14 0.933333
grid10 0.200000 0.200000 14 0.933333
grid10 0.200000 0.200000 14 0.935354
grid10 0.200000 0.200000 14 0.938990
grid10 0.200000 0.200000 14 0.936566
grid10 0.200000 0.200000 14 0.940202
grid10 0.200000 0.200000 14 0.935758
grid10 0.200000 0.200000 14 0.933737
grid10 0.200000 0.200000 14 0.936162
grid10 0.200000 0.200000 14 0.935354
grid10 0.200000 0.200000 14 0.935758
grid10 0.200000 0.200000 14 0.934545
grid10 0.200000 0.200000 14 0.927273
grid10 0.200000 0.200000 14 0.932525
grid10 0.200000 0.200000 14 0.936162
grid10 0.200000 0.200000 14 0.931313
grid10 0.200000 0.200000 14 0.936162
grid10 0.200000 0.200000 16 0.934949
grid10 0.200000 0.200000 16 0.933737
grid10 0.200000 0.200000 16 0.942222
grid10 0.200000 0.200000 16 0.930101
grid10 0.200000 0.200000 16 0.938990
grid10 0.200000 0.200000 16 0.938182
grid10 0.200000 0.200000 16 0.931313
grid10 0.200000 0.200000 16 0.944646
grid10 0.200000 0.200000 16 0.945859
grid10 0.200000 0.200000 16 0.938990
grid10 0.200000 0.200000 16 0.937374
grid10 0.200000 0.200000 16 0.939394
grid10 0.200000 0.200000 16 0.933333
grid10 0.200000 0.200000 16 0.935354
grid10 0.200000 0.200000 16 0.933333
grid10 0.200000 0.200000 16 0.943838
grid10 0.200000 0.200000 16 0.939798
grid10 0.200000 0.200000 16 0.934949
grid10 0.200000 0.200000 16 0.933737
grid10 0.200000 0.200000 16 0.944242
grid10 0.200000 0.200000 16 0.928485
grid10 0.200000 0.200000 16 0.936566
grid10 0.200000 0.200000 16 0.935758
grid10 0.200000 0.200000 16 0.928485
grid10 0.200000 0.200000 16 0.938182
grid10 0.200000 0.200000 16 0.937374
grid10 0.200000 0.200000 16 0.932525
grid10 0.200000 0.200000 16 0.937374
grid10 0.200000 0.200000 16 0.931717
grid10 0.200000 0.200000 16 0.939798
