  0.00000000
  0.00000000
  0.00000000
  0.00000000
  0.00000000
  0.00000000
  0.00000000
  0.00000000
  0.03811196
  0.03811196
  0.05808545
  0.05808545
  0.03811196
  0.00000000
  0.21714713
  0.21714713
  0.08428562
  0.00000000
  0.03811196
  0.03811196
  0.07678935
  0.01870390
  0.02843074
  0.07678935
  0.00000000
  0.00076171
  0.00218990
  0.00085692
  0.00085692
  0.00142820
  0.00218990
  0.11999535
  0.03367095
  0.00000000
  0.13286151
  0.00085692
  0.00133298
  0.01066387
  0.01066387
  0.01870390
  0.03367095
  0.04320600
  0.06348083
  0.01997349
  0.02843074
  0.00000000
  0.03367095
  0.01071069
  0.01071069
  0.01776687
  0.01198802
  0.00968121
  0.04320600
  0.00241997
  0.06590080
  0.02069655
  0.01997349
  0.01862014
  0.00000000
  0.04901540
  0.03367095
  0.04901540
  0.05436750
  0.00000000
  0.00730599
  0.01164927
  0.00436334
  0.03736613
  0.05055635
  0.00135334
  0.04078604
  0.01870390
  0.00000000
  0.01870390
  0.04078604
  0.01870390
  0.02330057
  0.02330057
  0.05243530
  0.01726680
  0.02465392
  0.03588695
  0.05243530
  0.02751151
  0.02032712
  0.01071069
  0.00000000
  0.01071069
  0.00738712
  0.06381225
  0.01833615
  0.02082790
  0.05055635
  0.04115502
  0.03588695
  0.04188030
  0.00000000
  0.00436334
  0.01833615
  0.03093126
  0.02678624
  0.00000000
  0.02411023
  0.02411023
  0.01247684
  0.00000000
  0.01163339
  0.01163339
  0.00634734
  0.01660662
  0.00000000
  0.00000000
  0.00497324
  0.01660662
  0.01247684
  0.00000000
  0.01660662
  0.00251796
  0.00436334
  0.00730599
  0.01194120
  0.01194120
  0.00730599
  0.02678624
  0.02073919
  0.01153907
  0.02182918
  0.01292615
  0.01292615
  0.01921205
  0.03588695
  0.01292615
  0.03588695
  0.00189063
  0.00189063
  0.00485992
  0.00378684
  0.00378684
  0.00114607
  0.02073919
  0.01194120
  0.01833615
  0.00470504
  0.01153907
  0.00781304
  0.01497898
  0.00000000
  0.01153907
  0.00543934
  0.02208119
  0.01169848
  0.02243110
  0.03150890
  0.00184539
  0.00116078
  0.01875089
  0.00008023
  0.04298435
  0.00781304
  0.01966353
  0.01495848
  0.01875089
  0.03347595
  0.00114607
  0.02243110
  0.02176181
  0.01701201
  0.01933880
  0.01966353
  0.02243110
  0.00000000
  0.02741395
  0.00720294
  0.02176181
  0.01376766
  0.00720294
  0.00720294
  0.02150355
  0.00720294
  0.03422240
  0.02870649
  0.00000000
  0.00000000
  0.00000000
  0.01103549
  0.03422240
  0.00008023
  0.01858425
  0.03981239
  0.00184539
  0.00397926
  0.00640384
  0.02243110
  0.00097911
  0.03037429
  0.01077121
  0.00609973
  0.00692246
  0.00264077
  0.00008023
  0.00232553
  0.02194781
  0.00119640
  0.00112913
  0.00173516
  0.00397926
  0.00112913
  0.00133096
  0.00640384
  0.01086253
  0.00318427
  0.01086253
  0.03010936
  0.00099457
  0.00052363
  0.01724204
  0.00180190
  0.01724204
  0.00445114
  0.00704911
  0.00180190
  0.02194781
  0.02858264
  0.02894986
  0.03037429
  0.01724204
  0.00372209
  0.00504349
  0.00876559
  0.00019189
  0.00141811
  0.01431009
  0.01370315
  0.00445114
  0.00161001
  0.00313285
  0.00192314
  0.00184191
  0.00131829
  0.00313285
  0.00184191
  0.00008023
  0.00141811
  0.00302812
  0.01370315
  0.01431009
  0.00518728
  0.00851587
  0.01949737
  0.01517307
  0.00313285
  0.00048141
  0.00184191
  0.01284018
  0.01517307
  0.00107964
  0.00302680
  0.00637621
  0.00194797
  0.00497609
  0.00010606
  0.00334942
  0.01517307
  0.01517307
  0.00275305
  0.01169848
  0.00000000
  0.03037429
  0.00048141
  0.01789672
  0.01497898
  0.00834906
  0.00939036
  0.03399711
  0.02194781
  0.00239861
  0.00504725
  0.00855731
  0.00939036
  0.03250797
  0.03977680
  0.02617121
  0.03037429
  0.01918013
  0.00637621
  0.00334252
  0.00692246
  0.00875316
  0.00875316
  0.00063720
  0.03250797
  0.00170557
  0.00755966
  0.02184700
  0.00764907
  0.00170557
  0.00161617
  0.02184700
  0.00764907
  0.03250797
  0.01918013
  0.03384621
  0.00068939
  0.03159850
  0.03179629
  0.00875316
  0.00881654
  0.00881654
  0.00881654
  0.00881654
  0.00881654
  0.02209256
  0.02891052
  0.03179629
  0.01584007
  0.00524134
  0.01107499
  0.03231769
  0.00881654
  0.00275305
  0.02209256
  0.01355099
  0.00000000
  0.00825966
  0.01312464
  0.00875316
  0.01677449
  0.01789672
  0.01467323
  0.00764907
  0.00513488
  0.00312478
  0.00184539
  0.00247600
  0.00402020
  0.01660566
  0.00089542
  0.00915508
  0.01989999
  0.00915508
  0.00943671
  0.00000000
  0.00000000
  0.00140823
  0.00524851
  0.00524851
  0.00184539
  0.00637621
  0.03373350
  0.00141581
  0.01008117
  0.00141581
  0.01584007
  0.00184539
  0.00000000
  0.04250353
  0.01469188
  0.02891052
  0.00813963
  0.00726017
  0.00285997
  0.01584007
  0.00857991
  0.00000000
  0.00857991
  0.00857991
  0.00000000
  0.00192640
  0.00192640
  0.00275305
  0.00027555
  0.03025604
  0.01989999
  0.00192640
  0.00041530
  0.00123868
  0.00857991
  0.00813963
  0.01246230
  0.00000000
  0.00000000
  0.00230999
  0.01088990
  0.00230999
  0.00230999
  0.00288542
  0.00813963
  0.00582964
  0.00776976
  0.00164675
  0.00288542
  0.00288542
  0.00184539
  0.01088990
  0.00123145
  0.00000000
  0.01677449
  0.02209256
  0.01088990
  0.01469188
  0.02209256
  0.00141581
  0.03536863
  0.01320571
  0.00123145
  0.00736609
  0.00184539
  0.03025604
  0.00153770
  0.01088990
  0.01760713
  0.02798748
  0.01312464
  0.01038035
  0.00000000
  0.00082665
  0.00153770
  0.00036417
  0.00088037
  0.00184539
  0.00071105
  0.00056587
  0.00088037
  0.02800253
  0.00096502
  0.00113433
  0.00113433
  0.00113433
  0.00000000
  0.01008117
  0.00030625
  0.00316938
  0.00144059
  0.00056587
  0.00000000
  0.00144059
  0.00000000
  0.00000000
  0.00000000
  0.03898438
  0.00000000
  0.00000000
  0.00872834
  0.00144059
  0.00144059
  0.00144059
  0.00000000
  0.00606513
  0.00072695
  0.00144059
  0.00144059
  0.00071364
  0.00072695
  0.00020170
  0.00072695
  0.01312464
  0.00000000
  0.00052525
  0.00052525
  0.00316938
  0.02800253
  0.01528766
  0.00736609
  0.01927419
  0.00056587
  0.00052525
  0.01047718
  0.00877567
  0.00180476
  0.00180476
  0.00061724
  0.00071364
  0.00180476
  0.00061724
  0.00180476
  0.00144919
  0.00118753
  0.00144919
  0.00118753
  0.00118753
  0.00263672
  0.00031483
  0.00071364
  0.00232189
  0.00232189
  0.00233742
  0.00031483
  0.00265225
  0.00265225
  0.01732381
  0.00232189
  0.00582964
  0.01192050
  0.00118892
  0.02315345
  0.00265225
  0.00118892
  0.00071364
  0.00704411
  0.01610934
  0.00183932
  0.00071364
  0.00606513
  0.00265225
  0.00232189
  0.00704411
  0.00000000
  0.00065040
  0.00378522
  0.00113297
  0.00000000
  0.01528766
  0.01918113
  0.00313482
  0.02165253
  0.00554318
  0.00863052
  0.01567463
  0.01398186
  0.02781165
  0.00000000
  0.02654722
  0.01927419
  0.00000000
  0.00000000
  0.00000000
  0.01013145
  0.00489331
  0.00000000
  0.01856056
  0.01013145
  0.01398186
  0.03898438
  0.00773520
  0.01425963
  0.00884606
  0.02691132
  0.02892144
  0.02892144
  0.01013145
  0.00237422
  0.00237422
  0.01013145
  0.02862356
  0.00775723
  0.00705951
  0.01425963
  0.00806934
  0.00619029
  0.02691132
  0.00775723
  0.00705951
  0.00540221
  0.00784760
  0.00606513
  0.00313482
  0.00702719
  0.00221810
  0.00099365
  0.00313482
  0.00214117
  0.00534578
  0.01464880
  0.00580274
  0.04433016
  0.00813220
  0.00214117
  0.03527058
  0.00435927
  0.00221810
  0.00435927
  0.02098643
  0.00435927
  0.00000000
  0.02156554
  0.00606513
  0.00540221
  0.03527058
  0.01719178
  0.01146733
  0.01241819
  0.01719178
  0.04610421
  0.00761390
  0.01769792
  0.00527972
  0.01528766
  0.00668238
  0.01334542
  0.00784760
  0.00775723
  0.00455755
  0.03566123
  0.00029788
  0.03566123
  0.00767375
  0.03566123
  0.00775723
  0.00590881
  0.02891242
  0.00590881
  0.00386037
  0.00214630
  0.04460741
  0.03668612
  0.11806091
  0.01769792
  0.03117407
  0.00455755
  0.00590881
  0.00214630
  0.00572277
  0.00214630
  0.00000000
  0.01398186
  0.00737607
  0.01064414
  0.01279045
  0.00541438
  0.01328488
  0.02189828
  0.01856056
  0.01064414
  0.01440085
  0.01080126
  0.00541438
  0.01376743
  0.00541438
  0.00048256
  0.00000000
  0.02189828
  0.00541438
  0.00541438
  0.00351178
  0.00296618
  0.00572277
  0.01464880
  0.00026938
  0.00828566
  0.00296618
  0.00493182
  0.00477387
  0.00789800
  0.00409641
  0.00380159
  0.02189828
  0.00435927
  0.00435927
  0.00184766
  0.00211704
  0.00000000
  0.00251161
  0.00251161
  0.00211704
  0.00960555
  0.01769792
  0.00806569
  0.00792129
  0.00828566
  0.00251161
  0.00211704
  0.00462865
  0.00000000
  0.00462865
  0.00399360
  0.15373159
  0.00399360
  0.01132279
  0.00380159
  0.00409641
  0.00061361
  0.09175592
  0.00061361
  0.00061361
  0.00061361
  0.00000000
  0.00995696
  0.00947088
  0.00278129
  0.01132279
  0.01769792
  0.00000000
  0.00982478
  0.00061361
  0.00409641
  0.00824314
  0.00471002
  0.01432222
  0.01204473
  0.00471002
  0.01084698
  0.12708997
  0.12821433
  0.00462865
  0.00000000
  0.00471002
  0.14637162
  0.00224170
  0.00000000
  0.00462865
  0.00238695
  0.00822704
  0.00471002
  0.01685934
  0.00690238
  0.00399360
  0.00136014
  0.00392540
  0.00863542
  0.00894021
  0.00207331
  0.00399360
  0.10693637
  0.12080953
  0.00207331
  0.00392540
  0.01685934
  0.00830055
  0.00071316
  0.00071316
  0.14163047
  0.13968802
  0.00393403
  0.14246930
  0.10991275
  0.00238695
  0.04151898
  0.04151898
  0.28901758
  0.04426378
  0.08715516
  0.21270524
  0.21714713
  0.28916282
  0.09811258
  0.10955617
  0.00000000
  0.14391205
  0.00000000
  0.13229751
  0.09811258
  0.00000000
  0.00000000
  0.12405043
  0.00000000
  0.00000000
  0.00000000
  0.00000000
  0.00000000
  0.00000000
  0.00000000
  0.04426378
  0.08779528
  0.11282447
  0.00000000
  0.00000000
  0.00000000
  0.14827484
  0.00000000
  0.00000000
  0.00000000
  0.12442630
  0.10261866
  0.00000000
  0.00000000
  0.00000000
  0.00000000
  0.00000000
  0.00000000
  0.00000000
  0.00000000
  0.00000000
  0.00000000
  0.00000000
  0.00000000
  0.00000000
  0.00000000
  0.00000000
  0.00000000
  0.00000000
  0.00000000
  0.00000000
  0.13963367
  0.00000000
  0.00000000
  0.00000000
  0.00000000
  0.00000000
  0.00000000
  0.00000000
  0.00000000
  0.00000000
  0.13623154
  0.00000000
  0.00000000
  0.00000000
  0.00000000
  0.00000000
  0.00000000
  0.00000000
  0.00000000
  0.00000000
  0.00000000
  0.00000000
  0.00000000
  0.00000000
  0.00000000
  0.00000000
  0.00000000
  0.00000000
  0.00000000
  0.00000000
  0.00000000
  0.00000000
  0.00000000
  0.00000000
  0.00000000
  0.00000000
  0.00000000
  0.00000000
  0.00000000
  0.00000000
  0.00000000
  0.00000000
  0.00000000
  0.00000000
  0.00000000
  0.00000000
  0.00000000
  0.00000000
  0.00000000
  0.00000000
  0.00000000
  0.00000000
  0.00000000
  0.00000000
  0.00000000
  0.00000000
  0.00000000
  0.00000000
  0.00000000
  0.00000000
  0.00000000
  0.00000000
  0.00000000
  0.00000000
  0.00000000
  0.00000000
  0.00000000
  0.00000000
  0.00000000
  0.00000000
  0.00000000
  0.00000000
  0.00000000
  0.00000000
  0.00000000
  0.00000000
  0.00000000
  0.00000000
  0.00000000
  0.00000000
  0.00000000
  0.00000000
  0.00000000
  0.00000000
  0.00000000
  0.00000000
  0.00000000
  0.00000000
  0.00000000
  0.00000000
  0.00000000
  0.00000000
  0.00000000
  0.00000000
  0.00000000
  0.00000000
  0.00000000
  0.00000000
  0.00000000
  0.00000000
  0.00000000
  0.00000000
  0.00000000
  0.00000000
  0.00000000
  0.00000000
  0.00000000
  0.00000000
  0.00000000
  0.00000000
  0.00000000
  0.00000000
  0.00000000
  0.00000000
  0.00000000
  0.00000000
  0.00000000
  0.00000000
  0.00000000
  0.00000000
  0.00000000
  0.00000000
  0.00000000
  0.00000000
  0.00000000
  0.00000000
  0.00000000
  0.00000000
  0.00000000
  0.00000000
  0.00000000
  0.00000000
  0.00000000
  0.00000000
  0.00000000
  0.00000000
  0.00000000
  0.00000000
  0.00000000
  0.00000000
  0.00000000
  0.00000000
  0.00000000
  0.00000000
  0.00000000
  0.00000000
  0.00000000
  0.00000000
  0.00000000
  0.00000000
  0.00000000
  0.00000000
  0.00000000
  0.00000000
  0.00000000
  0.00000000
  0.00000000
  0.00000000
  0.00000000
  0.00000000
  0.00000000
  0.00000000
  0.00000000
  0.00000000
  0.00000000
  0.00000000
  0.00000000
  0.00000000
  0.00000000
  0.00000000
  0.00000000
  0.00000000
  0.00000000
  0.00000000
  0.00000000
  0.00000000
  0.00000000
  0.00000000
  0.00000000
  0.00000000
  0.00000000
  0.00000000
  0.00000000
  0.00000000
  0.00000000
  0.00000000
  0.00000000
  0.00000000
  0.00000000
  0.00000000
  0.00000000
  0.00000000
  0.00000000
  0.00000000
  0.00000000
  0.00000000
  0.00000000
  0.00000000
  0.00000000
  0.00000000
  0.00000000
  0.00000000
  0.00000000
  0.00000000
  0.00000000
  0.00000000
  0.00000000
  0.00000000
  0.00000000
  0.00000000
  0.00000000
  0.00000000
  0.00000000
  0.00000000
  0.00000000
  0.00000000
  0.00000000
  0.00000000
  0.00000000
  0.00000000
  0.00000000
  0.00000000
  0.00000000
  0.00000000
  0.00000000
  0.00000000
  0.00000000
  0.00000000
  0.00000000
  0.00000000
  0.00000000
  0.00000000
  0.00000000
  0.00000000
  0.00000000
  0.00000000
  0.00000000
  0.00000000
  0.00000000
  0.00000000
  0.00000000
  0.00000000
  0.00000000
  0.00000000
  0.00000000
  0.00000000
  0.00000000
  0.00000000
  0.00000000
  0.00000000
  0.00000000
  0.00000000
  0.00000000
  0.00000000
  0.00000000
  0.00000000
  0.00000000
  0.00000000
  0.00000000
  0.00000000
  0.00000000
  0.00000000
  0.00000000
  0.00000000
  0.00000000
  0.00000000
  0.00000000
  0.00000000
  0.00000000
  0.00000000
  0.00000000
  0.00000000
  0.00000000
  0.00000000
  0.00000000
  0.00000000
  0.00000000
  0.00000000
  0.00000000
  0.00000000
  0.00000000
  0.00000000
  0.00000000
  0.00000000
  0.00000000
  0.00000000
  0.00000000
  0.00000000
  0.00000000
  0.00000000
  0.00000000
  0.00000000
  0.00000000
  0.00000000
  0.00000000
  0.00000000
  0.00000000
  0.00000000
  0.00000000
  0.00000000
  0.00000000
  0.00000000
  0.00000000
  0.00000000
  0.00000000
  0.00000000
  0.00000000
  0.00000000
  0.00000000
  0.00000000
  0.00000000
  0.00000000
  0.00000000
  0.00000000
  0.00000000
  0.00000000
  0.00000000
  0.00000000
  0.00000000
  0.00000000
  0.00000000
  0.00000000
  0.00000000
  0.00000000
  0.00000000
  0.00000000
  0.00000000
  0.00000000
  0.00000000
  0.00000000
  0.00000000
  0.00000000
  0.00000000
  0.00000000
  0.00000000
  0.00000000
  0.00000000
  0.00000000
  0.00000000
  0.00000000
  0.00000000
  0.00000000
  0.00000000
  0.00000000
  0.00000000
  0.00000000
  0.00000000
  0.00000000
  0.00000000
  0.00000000
  0.00000000
  0.00000000
  0.00000000
  0.00000000
  0.00000000
  0.00000000
  0.00000000
  0.00000000
  0.00000000
  0.00000000
  0.00000000
  0.00000000
  0.00000000
  0.00000000
  0.00000000
  0.00000000
  0.00000000
  0.00000000
  0.00000000
  0.00000000
  0.00000000
  0.00000000
  0.00000000
  0.00000000
  0.00000000
  0.00000000
  0.00000000
  0.00000000
  0.00000000
  0.00000000
  0.00000000
  0.00000000
  0.00000000
  0.00000000
  0.00000000
  0.00000000
  0.00000000
  0.00000000
  0.00000000
  0.00000000
  0.00000000
  0.00000000
  0.00000000
  0.00000000
  0.00000000
  0.00000000
  0.00000000
  0.00000000
  0.00000000
  0.00000000
  0.00000000
  0.00000000
  0.00000000
  0.00000000
  0.00000000
  0.00000000
  0.00000000
  0.00000000
  0.00000000
  0.00000000
  0.00000000
  0.00000000
  0.00000000
  0.00000000
  0.00000000
  0.00000000
  0.00000000
  0.00000000
  0.00000000
  0.00000000
  0.00000000
  0.00000000
  0.00000000
  0.00000000
  0.00000000
  0.00000000
  0.00000000
  0.00000000
  0.00000000
  0.00000000
  0.00000000
  0.00000000
  0.00000000
  0.00000000
  0.00000000
  0.00000000
  0.00000000
  0.00000000
  0.00000000
  0.00000000
  0.00000000
  0.00000000
  0.00000000
  0.00000000
  0.00000000
  0.00000000
  0.00000000
  0.00000000
  0.00000000
  0.00000000
  0.00000000
  0.00000000
  0.00000000
  0.00000000
  0.00000000
  0.00000000
  0.00000000
  0.00000000
  0.00000000
  0.00000000
  0.00000000
  0.00000000
  0.00000000
  0.00000000
  0.00000000
  0.00000000
  0.00000000
  0.00000000
  0.00000000
  0.00000000
  0.00000000
  0.00000000
  0.00000000
  0.00000000
  0.00000000
  0.00000000
  0.00000000
  0.00000000
  0.00000000
  0.00000000
  0.00000000
  0.00000000
  0.00000000
  0.00000000
  0.00000000
  0.00000000
  0.00000000
  0.00000000
  0.00000000
  0.00000000
  0.00000000
  0.00000000
  0.00000000
  0.00000000
  0.00000000
  0.00000000
  0.00000000
  0.00000000
  0.00000000
  0.00000000
  0.00000000
  0.00000000
  0.00000000
  0.00000000
  0.00000000
  0.00000000
  0.00000000
  0.00000000
  0.00000000
  0.00000000
  0.00000000
  0.00000000
  0.00000000
  0.00000000
  0.00000000
  0.00000000
  0.00000000
  0.00000000
  0.00000000
  0.00000000
  0.00000000
  0.00000000
  0.00000000
  0.00000000
  0.00000000
  0.00000000
  0.00000000
  0.00000000
  0.00000000
  0.00000000
  0.00000000
  0.00000000
  0.00000000
  0.00000000
  0.00000000
  0.00000000
  0.00000000
  0.00000000
  0.00000000
  0.00000000
  0.00000000
  0.00000000
  0.00000000
  0.00000000
  0.00000000
  0.00000000
  0.00000000
  0.00000000
  0.00000000
  0.00000000
  0.00000000
  0.00000000
  0.00000000
  0.00000000
  0.00000000
  0.00000000
  0.00000000
  0.00000000
  0.00000000
  0.00000000
  0.00000000
  0.00000000
  0.00000000
  0.00000000
  0.00000000
  0.00000000
  0.00000000
  0.00000000
  0.00000000
  0.00000000
  0.00000000
  0.00000000
  0.00000000
  0.00000000
  0.00000000
  0.00000000
  0.00000000
  0.00000000
  0.00000000
  0.00000000
  0.00000000
  0.00000000
  0.00000000
  0.00000000
  0.00000000
  0.00000000
  0.00000000
  0.00000000
  0.00000000
  0.00000000
  0.00000000
  0.00000000
  0.00000000
  0.00000000
  0.00000000
  0.00000000
  0.00000000
  0.00000000
  0.00000000
  0.00000000
  0.00000000
  0.00000000
  0.00000000
  0.00000000
  0.00000000
  0.00000000
  0.00000000
  0.00000000
  0.00000000
  0.00000000
  0.00000000
  0.00000000
  0.00000000
  0.00000000
  0.00000000
  0.00000000
  0.00000000
  0.00000000
  0.00000000
  0.00000000
  0.00000000
  0.00000000
  0.00000000
  0.00000000
  0.00000000
  0.00000000
  0.00000000
  0.00000000
  0.00000000
  0.00000000
  0.00000000
  0.00000000
  0.00000000
  0.00000000
  0.00000000
  0.00000000
  0.00000000
  0.00000000
  0.00000000
  0.00000000
  0.00000000
  0.00000000
  0.00000000
  0.00000000
  0.00000000
  0.00000000
  0.00000000
  0.00000000
  0.00000000
  0.00000000
  0.00000000
  0.00000000
  0.00000000
  0.00000000
  0.00000000
  0.00000000
  0.00000000
  0.00000000
  0.00000000
  0.00000000
  0.00000000
  0.00000000
  0.00000000
  0.00000000
  0.00000000
  0.00000000
  0.00000000
  0.00000000
  0.00000000
  0.00000000
  0.00000000
  0.00000000
  0.00000000
  0.00000000
  0.00000000
  0.00000000
  0.00000000
  0.00000000
  0.00000000
  0.00000000
  0.00000000
  0.00000000
  0.00000000
  0.00000000
  0.00000000
  0.00000000
  0.00000000
  0.00000000
  0.00000000
  0.00000000
  0.00000000
  0.00000000
  0.00000000
  0.00000000
  0.00000000
  0.00000000
  0.00000000
  0.00000000
  0.00000000
  0.00000000
  0.00000000
  0.00000000
  0.00000000
  0.00000000
  0.00000000
  0.00000000
  0.00000000
  0.00000000
  0.00000000
  0.00000000
  0.00000000
  0.00000000
  0.00000000
  0.00000000
  0.00000000
  0.00000000
  0.00000000
  0.00000000
  0.00000000
  0.00000000
  0.00000000
  0.00000000
  0.00000000
  0.00000000
  0.00000000
  0.00000000
  0.00000000
  0.00000000
  0.00000000
  0.00000000
  0.00000000
  0.00000000
  0.00000000
  0.00000000
  0.00000000
  0.00000000
  0.00000000
  0.00000000
  0.00000000
  0.00000000
  0.00000000
  0.00000000
  0.00000000
  0.00000000
  0.00000000
  0.00000000
  0.00000000
  0.00000000
  0.00000000
  0.00000000
  0.00000000
  0.00000000
  0.00000000
  0.00000000
  0.00000000
  0.00000000
  0.00000000
  0.00000000
  0.00000000
  0.00000000
  0.00000000
  0.00000000
  0.00000000
  0.00000000
  0.00000000
  0.00000000
  0.00000000
  0.00000000
  0.00000000
  0.00000000
  0.00000000
  0.00000000
  0.00000000
  0.00000000
  0.00000000
  0.00000000
  0.00000000
  0.00000000
  0.00000000
  0.00000000
  0.00000000
  0.00000000
  0.00000000
  0.00000000
  0.00000000
  0.00000000
  0.00000000
  0.00000000
  0.00000000
  0.00000000
  0.00000000
  0.00000000
  0.00000000
  0.00000000
  0.00000000
  0.00000000
  0.00000000
  0.00000000
  0.00000000
  0.00000000
  0.00000000
  0.00000000
  0.00000000
  0.00000000
  0.00000000
  0.00000000
  0.00000000
  0.00000000
  0.00000000
  0.00000000
  0.00000000
  0.00000000
  0.00000000
  0.00000000
  0.00000000
  0.00000000
  0.00000000
  0.00000000
  0.00000000
  0.00000000
  0.00000000
  0.00000000
  0.00000000
  0.00000000
  0.00000000
  0.00000000
  0.00000000
  0.00000000
  0.00000000
  0.00000000
  0.00000000
  0.00000000
  0.00000000
  0.00000000
  0.00000000
  0.00000000
  0.00000000
  0.00000000
  0.00000000
  0.00000000
  0.00000000
  0.00000000
  0.00000000
  0.00000000
  0.00000000
  0.00000000
  0.00000000
  0.00000000
  0.00000000
  0.00000000
  0.00000000
  0.00000000
  0.00000000
  0.00000000
  0.00000000
  0.00000000
  0.00000000
  0.00000000
  0.00000000
  0.00000000
  0.00000000
  0.00000000
  0.00000000
  0.00000000
  0.00000000
  0.00000000
  0.00000000
  0.00000000
  0.00000000
  0.00000000
  0.00000000
  0.00000000
  0.00000000
  0.00000000
  0.00000000
  0.00000000
  0.00000000
  0.00000000
  0.00000000
  0.00000000
  0.00000000
  0.00000000
  0.00000000
  0.00000000
  0.00000000
  0.00000000
  0.00000000
  0.00000000
  0.00000000
  0.00000000
  0.00000000
  0.00000000
  0.00000000
  0.00000000
  0.00000000
  0.00000000
  0.00000000
  0.00000000
  0.00000000
  0.00000000
  0.00000000
  0.00000000
  0.00000000
  0.00000000
  0.00000000
  0.00000000
  0.00000000
  0.00000000
  0.00000000
  0.00000000
  0.00000000
  0.00000000
  0.00000000
  0.00000000
  0.00000000
  0.00000000
  0.00000000
  0.00000000
  0.00000000
  0.00000000
  0.00000000
  0.00000000
  0.00000000
  0.00000000
  0.00000000
  0.00000000
  0.00000000
  0.00000000
  0.00000000
  0.00000000
  0.00000000
  0.00000000
  0.00000000
  0.00000000
  0.00000000
  0.00000000
  0.00000000
  0.00000000
  0.00000000
  0.00000000
  0.00000000
  0.00000000
  0.00000000
  0.00000000
  0.00000000
  0.00000000
  0.00000000
  0.00000000
  0.00000000
  0.00000000
  0.00000000
  0.00000000
  0.00000000
  0.00000000
  0.00000000
  0.00000000
  0.00000000
  0.00000000
  0.00000000
  0.00000000
  0.00000000
  0.00000000
  0.00000000
  0.00000000
  0.00000000
  0.00000000
  0.00000000
  0.00000000
  0.00000000
  0.00000000
  0.00000000
  0.00000000
  0.00000000
  0.00000000
  0.00000000
  0.00000000
  0.00000000
  0.00000000
  0.00000000
  0.00000000
  0.00000000
  0.00000000
  0.00000000
  0.00000000
  0.00000000
  0.00000000
  0.00000000
  0.00000000
  0.00000000
  0.00000000
  0.00000000
  0.00000000
  0.00000000
  0.00000000
  0.00000000
  0.00000000
  0.00000000
  0.00000000
  0.00000000
  0.00000000
  0.00000000
  0.00000000
  0.00000000
  0.00000000
  0.00000000
  0.00000000
  0.00000000
  0.00000000
  0.00000000
  0.00000000
  0.00000000
  0.00000000
  0.00000000
  0.00000000
  0.00000000
  0.00000000
  0.00000000
  0.00000000
  0.00000000
  0.00000000
  0.00000000
  0.00000000
  0.00000000
  0.00000000
  0.00000000
  0.00000000
  0.00000000
  0.00000000
  0.00000000
  0.00000000
  0.00000000
  0.00000000
  0.00000000
  0.00000000
  0.00000000
  0.00000000
  0.00000000
  0.00000000
  0.00000000
  0.00000000
  0.00000000
  0.00000000
  0.00000000
  0.00000000
  0.00000000
  0.00000000
  0.00000000
  0.00000000
  0.00000000
  0.00000000
  0.00000000
  0.00000000
  0.00000000
  0.00000000
  0.00000000
  0.00000000
  0.00000000
  0.00000000
  0.00000000
  0.00000000
  0.00000000
  0.00000000
  0.00000000
  0.00000000
  0.00000000
  0.00000000
  0.00000000
  0.00000000
  0.00000000
  0.00000000
  0.00000000
  0.00000000
  0.00000000
  0.00000000
  0.00000000
  0.00000000
  0.00000000
  0.00000000
  0.00000000
  0.00000000
  0.00000000
  0.00000000
  0.00000000
  0.00000000
  0.00000000
  0.00000000
  0.00000000
  0.00000000
  0.00000000
  0.00000000
  0.00000000
  0.00000000
  0.00000000
  0.00000000
  0.00000000
  0.00000000
  0.00000000
  0.00000000
  0.00000000
  0.00000000
  0.00000000
  0.00000000
  0.00000000
  0.00000000
  0.00000000
  0.00000000
  0.00000000
  0.00000000
  0.00000000
  0.00000000
  0.00000000
  0.00000000
  0.00000000
  0.00000000
  0.00000000
  0.00000000
  0.00000000
  0.00000000
  0.00000000
  0.00000000
  0.00000000
  0.00000000
  0.00000000
  0.00000000
  0.00000000
  0.00000000
  0.00000000
  0.00000000
  0.00000000
  0.00000000
  0.00000000
  0.00000000
  0.00000000
  0.00000000
  0.00000000
  0.00000000
  0.00000000
  0.00000000
  0.00000000
  0.00000000
  0.00000000
  0.00000000
  0.00000000
  0.00000000
  0.00000000
  0.00000000
  0.00000000
  0.00000000
  0.00000000
  0.00000000
  0.00000000
  0.00000000
  0.00000000
  0.00000000
  0.00000000
  0.00000000
  0.00000000
  0.00000000
  0.00000000
  0.00000000
  0.00000000
  0.00000000
  0.00000000
  0.00000000
  0.00000000
  0.00000000
  0.00000000
  0.00000000
  0.00000000
  0.00000000
  0.00000000
  0.00000000
  0.00000000
  0.00000000
  0.00000000
  0.00000000
  0.00000000
  0.00000000
  0.00000000
  0.00000000
  0.00000000
  0.00000000
  0.00000000
  0.00000000
  0.00000000
  0.00000000
  0.00000000
  0.00000000
  0.00000000
  0.00000000
  0.00000000
  0.00000000
  0.00000000
  0.00000000
  0.00000000
  0.00000000
  0.00000000
  0.00000000
  0.00000000
  0.00000000
  0.00000000
  0.00000000
  0.00000000
  0.00000000
  0.00000000
  0.00000000
  0.00000000
  0.00000000
  0.00000000
  0.00000000
  0.00000000
  0.00000000
  0.00000000
  0.00000000
  0.00000000
  0.00000000
  0.00000000
  0.00000000
  0.00000000
  0.00000000
  0.00000000
  0.00000000
  0.00000000
  0.00000000
  0.00000000
  0.00000000
  0.00000000
  0.00000000
  0.00000000
  0.00000000
  0.00000000
  0.00000000
  0.00000000
  0.00000000
  0.00000000
  0.00000000
  0.00000000
  0.00000000
  0.00000000
  0.00000000
  0.00000000
  0.00000000
  0.00000000
  0.00000000
  0.00000000
  0.00000000
  0.00000000
  0.00000000
  0.00000000
  0.00000000
  0.00000000
  0.00000000
  0.00000000
  0.00000000
  0.00000000
  0.00000000
  0.00000000
  0.00000000
  0.00000000
  0.00000000
  0.00000000
  0.00000000
  0.00000000
  0.00000000
  0.00000000
  0.00000000
  0.00000000
  0.00000000
  0.00000000
  0.00000000
  0.00000000
  0.00000000
  0.00000000
  0.00000000
  0.00000000
  0.00000000
  0.00000000
  0.00000000
  0.00000000
  0.00000000
  0.00000000
  0.00000000
  0.00000000
  0.00000000
  0.00000000
  0.00000000
  0.00000000
  0.00000000
  0.00000000
  0.00000000
  0.00000000
  0.00000000
  0.00000000
  0.00000000
  0.00000000
  0.00000000
  0.00000000
  0.00000000
  0.00000000
  0.00000000
  0.00000000
  0.00000000
  0.00000000
  0.00000000
  0.00000000
  0.00000000
  0.00000000
  0.00000000
  0.00000000
  0.00000000
  0.00000000
  0.00000000
  0.00000000
  0.00000000
  0.00000000
  0.00000000
  0.00000000
  0.00000000
  0.00000000
  0.00000000
  0.00000000
  0.00000000
  0.00000000
  0.00000000
  0.00000000
  0.00000000
  0.00000000
  0.00000000
  0.00000000
  0.00000000
  0.00000000
  0.00000000
  0.00000000
  0.00000000
  0.00000000
  0.00000000
  0.00000000
  0.00000000
  0.00000000
  0.00000000
  0.00000000
  0.00000000
  0.00000000
  0.00000000
  0.00000000
  0.00000000
  0.00000000
  0.00000000
  0.00000000
  0.00000000
  0.00000000
  0.00000000
  0.00000000
  0.00000000
  0.00000000
  0.00000000
  0.00000000
  0.00000000
  0.00000000
  0.00000000
  0.00000000
  0.00000000
  0.00000000
  0.00000000
  0.00000000
  0.00000000
  0.00000000
  0.00000000
  0.00000000
  0.00000000
  0.00000000
  0.00000000
  0.00000000
  0.00000000
  0.00000000
  0.00000000
  0.00000000
  0.00000000
  0.00000000
  0.00000000
  0.00000000
  0.00000000
  0.00000000
  0.00000000
  0.00000000
  0.00000000
  0.00000000
  0.00000000
  0.00000000
  0.00000000
  0.00000000
  0.00000000
  0.00000000
  0.00000000
  0.00000000
  0.00000000
  0.00000000
  0.00000000
  0.00000000
  0.00000000
  0.00000000
  0.00000000
  0.00000000
  0.00000000
  0.00000000
  0.00000000
  0.00000000
  0.00000000
  0.00000000
  0.00000000
  0.00000000
  0.00000000
  0.00000000
  0.00000000
  0.00000000
  0.00000000
  0.00000000
  0.00000000
  0.00000000
  0.00000000
  0.00000000
  0.00000000
  0.00000000
  0.00000000
  0.00000000
  0.00000000
  0.00000000
  0.00000000
  0.00000000
  0.00000000
  0.00000000
  0.00000000
  0.00000000
  0.00000000
  0.00000000
  0.00000000
  0.00000000
  0.00000000
  0.00000000
  0.00000000
  0.00000000
  0.00000000
  0.00000000
  0.00000000
  0.00000000
  0.00000000
  0.00000000
  0.00000000
  0.00000000
  0.00000000
  0.00000000
  0.00000000
  0.00000000
  0.00000000
  0.00000000
  0.00000000
  0.00000000
  0.00000000
  0.00000000
  0.00000000
  0.00000000
  0.00000000
  0.00000000
  0.00000000
  0.00000000
  0.00000000
  0.00000000
  0.00000000
  0.00000000
  0.00000000
  0.00000000
  0.00000000
  0.00000000
  0.00000000
  0.00000000
  0.00000000
  0.00000000
  0.00000000
  0.00000000
  0.00000000
  0.00000000
  0.00000000
  0.00000000
  0.00000000
  0.00000000
  0.00000000
  0.00000000
  0.00000000
  0.00000000
  0.00000000
  0.00000000
  0.00000000
  0.00000000
  0.00000000
  0.00000000
  0.00000000
  0.00000000
  0.00000000
  0.00000000
  0.00000000
  0.00000000
  0.00000000
  0.00000000
  0.00000000
  0.00000000
  0.00000000
  0.00000000
  0.00000000
  0.00000000
  0.00000000
  0.00000000
  0.00000000
  0.00000000
  0.00000000
  0.00000000
  0.00000000
  0.00000000
  0.00000000
  0.00000000
  0.00000000
  0.00000000
  0.00000000
  0.00000000
  0.00000000
  0.00000000
  0.00000000
  0.00000000
  0.00000000
  0.00000000
  0.00000000
  0.00000000
  0.00000000
  0.00000000
  0.00000000
  0.00000000
  0.00000000
  0.00000000
  0.00000000
  0.00000000
  0.00000000
  0.00000000
  0.00000000
  0.00000000
  0.00000000
  0.00000000
  0.00000000
  0.00000000
  0.00000000
  0.00000000
  0.00000000
  0.00000000
  0.00000000
  0.00000000
  0.00000000
  0.00000000
  0.00000000
  0.00000000
  0.00000000
  0.00000000
  0.00000000
  0.00000000
  0.00000000
  0.00000000
  0.00000000
  0.00000000
  0.00000000
  0.00000000
  0.00000000
  0.00000000
  0.00000000
  0.00000000
  0.00000000
  0.00000000
  0.00000000
  0.00000000
  0.00000000
  0.00000000
  0.00000000
  0.00000000
  0.00000000
  0.00000000
  0.00000000
  0.00000000
  0.00000000
  0.00000000
  0.00000000
  0.00000000
  0.00000000
  0.00000000
  0.00000000
  0.00000000
  0.00000000
  0.00000000
  0.00000000
  0.00000000
  0.00000000
  0.00000000
  0.00000000
  0.00000000
  0.00000000
  0.00000000
  0.00000000
  0.00000000
  0.00000000
  0.00000000
  0.00000000
  0.00000000
  0.00000000
  0.00000000
  0.00000000
  0.00000000
  0.00000000
  0.00000000
  0.00000000
  0.00000000
  0.00000000
  0.00000000
  0.00000000
  0.00000000
  0.00000000
  0.00000000
  0.00000000
  0.00000000
  0.00000000
  0.00000000
  0.00000000
  0.00000000
  0.00000000
  0.00000000
  0.00000000
  0.00000000
  0.00000000
  0.00000000
  0.00000000
  0.00000000
  0.00000000
  0.00000000
  0.00000000
  0.00000000
  0.00000000
  0.00000000
  0.00000000
  0.00000000
  0.00000000
  0.00000000
  0.00000000
  0.00000000
  0.00000000
  0.00000000
  0.00000000
  0.00000000
  0.00000000
  0.00000000
  0.00000000
  0.00000000
  0.00000000
  0.00000000
  0.00000000
  0.00000000
  0.00000000
  0.00000000
  0.00000000
  0.00000000
  0.00000000
  0.00000000
  0.00000000
  0.00000000
  0.00000000
  0.00000000
  0.00000000
  0.00000000
  0.00000000
  0.00000000
  0.00000000
  0.00000000
  0.00000000
  0.00000000
  0.00000000
  0.00000000
  0.00000000
  0.00000000
  0.00000000
  0.00000000
  0.00000000
  0.00000000
  0.00000000
  0.00000000
  0.00000000
  0.00000000
  0.00000000
  0.00000000
  0.00000000
  0.00000000
  0.00000000
  0.00000000
  0.00000000
  0.00000000
  0.00000000
  0.00000000
  0.00000000
  0.00000000
  0.00000000
  0.00000000
  0.00000000
  0.00000000
  0.00000000
  0.00000000
  0.00000000
  0.00000000
  0.00000000
  0.00000000
  0.00000000
  0.00000000
  0.00000000
  0.00000000
  0.00000000
  0.00000000
  0.00000000
  0.00000000
  0.00000000
  0.00000000
  0.00000000
  0.00000000
  0.00000000
  0.00000000
  0.00000000
  0.00000000
  0.00000000
  0.00000000
  0.00000000
  0.00000000
  0.00000000
  0.00000000
  0.00000000
  0.00000000
  0.00000000
  0.00000000
  0.00000000
  0.00000000
  0.00000000
  0.00000000
  0.00000000
  0.00000000
  0.00000000
  0.00000000
  0.00000000
  0.00000000
  0.00000000
  0.00000000
  0.00000000
  0.00000000
  0.00000000
  0.00000000
  0.00000000
  0.00000000
  0.00000000
  0.00000000
  0.00000000
  0.00000000
  0.00000000
  0.00000000
  0.00000000
  0.00000000
  0.00000000
  0.00000000
  0.00000000
  0.00000000
  0.00000000
  0.00000000
  0.00000000
  0.00000000
  0.00000000
  0.00000000
  0.00000000
  0.00000000
  0.00000000
  0.00000000
  0.00000000
  0.00000000
  0.00000000
  0.00000000
  0.00000000
  0.00000000
  0.00000000
  0.00000000
  0.00000000
  0.00000000
  0.00000000
  0.00000000
  0.00000000
  0.00000000
  0.00000000
  0.00000000
  0.00000000
  0.00000000
  0.00000000
  0.00000000
  0.00000000
  0.00000000
  0.00000000
  0.00000000
  0.00000000
  0.00000000
  0.00000000
  0.00000000
  0.00000000
  0.00000000
  0.00000000
  0.00000000
  0.00000000
  0.00000000
  0.00000000
  0.00000000
  0.00000000
  0.00000000
  0.00000000
  0.00000000
  0.00000000
  0.00000000
  0.00000000
  0.00000000
  0.00000000
  0.00000000
  0.00000000
  0.00000000
  0.00000000
  0.00000000
  0.00000000
  0.00000000
  0.00000000
  0.00000000
  0.00000000
  0.00000000
  0.00000000
  0.00000000
  0.00000000
  0.00000000
  0.00000000
  0.00000000
  0.00000000
  0.00000000
  0.00000000
  0.00000000
  0.00000000
  0.00000000
  0.00000000
  0.00000000
  0.00000000
  0.00000000
  0.00000000
  0.00000000
  0.00000000
  0.00000000
  0.00000000
  0.00000000
  0.00000000
  0.00000000
  0.00000000
