0.0
0.0
0.000759301442673
0.0
0.0
0.0
0.00151831450652
0.0
0.0342582967206
0.034377805603
0.0375347648872
0.0273085071034
0.0339677196598
0.0
0.00303461036128
0.00779989127027
0.00600936357571
0.0
0.0347232376938
0.050193525008
0.0285486319719
0.00776413044691
0.0466421967437
0.0224103579868
0.0
0.00322702058238
0.00723753292204
0.00334554217955
0.00377006897093
0.00509859134759
0.00720338923108
0.0245041189044
0.00779128486171
0.0
0.0176547563547
0.00357860488799
0.00475661381951
0.0284251867863
0.0292260709448
0.00757336696119
0.00709654118814
0.00908015707112
0.00959934441953
0.0138708293511
0.0490565815921
0.0
0.0075993506244
0.0426014420135
0.0394841408501
0.0420108625293
0.0394846984225
0.0187915552083
0.0111105375417
0.006033188707
0.0159485372195
0.00612185688368
0.0181886251586
0.00824309704637
0.0
0.0117119941544
0.00812805101988
0.0159469908998
0.0175523392908
0.0
0.0301000826038
0.00859923929607
0.0252191922521
0.0136633921224
0.0157445540234
0.0139439385932
0.00679874458873
0.0075496430608
0.0
0.00769295874575
0.00693780382858
0.00800331401605
0.0217129439099
0.0155791024117
0.0141606258483
0.0182678395435
0.0335676889619
0.026271174973
0.0267702685028
0.00984997559075
0.0114373771246
0.0394131633987
-2.56131847865e-22
0.0418807059143
0.0184631343873
0.0285273783017
0.0220769955118
0.0126631316963
0.0185519786307
0.0257947018856
0.0256951122397
0.0265122857393
0.0
0.0245830023901
0.0104118698177
0.0153288051585
0.0144075529907
0.00151831450652
0.0134032754984
0.0142016271108
0.00640711876138
0.0
0.00749970575071
0.00789736361647
0.0212438224091
0.0126788431293
0.0
0.0
0.0055349921363
0.0122710780224
0.009152083731
1.02026535751e-15
0.0119970432611
0.0169529113364
0.0316447100401
0.0110570039378
0.0248612985923
0.024889912204
0.0110497306574
0.0183583503124
0.0464393188242
0.026705248533
0.0445522843398
0.0184788596368
0.0350056437349
0.0319572640561
0.0258620210461
0.0184867085331
0.0456892178648
0.0255678032589
0.0256611313272
0.0329656644006
0.0252999477537
0.0245366209199
0.0094999086377
0.0433587484019
0.0393462471945
0.0104403011281
0.0115378472102
0.0241336795772
0.0248035230685
0.0206240102152
0.00303461036128
0.0305355427338
0.036468396409
0.018838398855
0.047352670176
0.0191885849558
0.0290436519122
0.0215888485375
0.010278499449
0.0128882869938
0.00451272972313
0.0236196711898
0.0248111748739
0.0166668913983
0.00784047184179
0.013265016057
0.0196829148463
0.0106651598786
0.0140957503993
0.0148761366804
0.0157352668999
0.0169252420206
0.0157927015152
0.0141328921429
0.0
0.0166315646753
0.00522609529473
0.0126633079479
0.0144881335141
0.00508093670199
0.00515607321874
0.0149264837962
0.00545150484497
0.024614205427
0.0294652283529
0.000759301442673
0.00379073963689
0.00606172287314
0.00892977776091
0.031551424413
0.0042382272541
0.0312449160886
0.0360225692439
0.0212142010288
0.0247494899948
0.0112285709772
0.0181477930661
0.0116920026097
0.0242102007566
0.0220408209972
0.0261308222474
0.0242688883699
0.0183131764652
0.00816876212758
0.0124993342865
0.0253268815586
0.00620940630245
0.00591702993863
0.013920980822
0.0219125970332
0.00709784259063
0.00789054702395
0.0322576065079
0.0169862977653
0.0316767630459
0.0169948138621
0.0370519700496
0.0103720302425
0.00854504550125
0.0365088401821
0.0126500124484
0.0168755483568
0.0166605136497
0.0112544540152
0.01315600484
0.0175604180582
0.0275850609986
0.0214774202435
0.0241384648724
0.0176841468266
0.010728206702
0.00738767393015
0.0168890815109
0.00565602879737
0.0126601694327
0.0166074407259
0.0170837573854
0.0169496876877
0.00853943995349
0.0136532046041
0.01304273335
0.0147672944024
0.0115066307269
0.0129014570949
0.00909108644909
0.00554509233685
0.00827304245173
0.0169289549707
0.0164691057549
0.0143090132295
0.00790102106062
0.00929577691511
0.0302525089112
0.0215051803408
0.0156325254017
0.009265699217
0.00918967375241
0.0240353419055
0.0198686651192
0.0169277314601
0.0244245748694
0.038308018096
0.0221012675067
0.0324757392554
0.0153056548673
0.0281530491103
0.0388474283523
0.0199953941487
0.0202903977103
0.0437624497141
0.0
0.0248785653492
0.00935394289101
0.0507491834155
0.0462961535692
0.0277235393815
0.0387721809597
0.0467210926312
0.0290698197192
0.0241013689833
0.0148925496963
0.0372455667965
0.0219962182866
0.0387010630548
0.0394244484082
0.0305134268708
0.0270938446027
0.0202425075276
0.023850050808
0.0174713800925
0.0163085226946
0.0207590298766
0.0198879061371
0.0154127642628
0.0284259671468
0.00971456275574
0.0286357322139
0.0424424355713
0.0330465886057
0.0197171749163
0.0108024857392
0.0334010686314
0.0219666377105
0.0458389978054
0.0259641247264
0.0443060188239
0.0215887149526
0.0453093848186
0.0486721918248
0.0200154533893
0.0142790073583
0.01410172311
0.0145417615875
0.0142331002246
0.014086420732
0.021330285775
0.035222890484
0.0366419309948
0.0232566856114
0.0222321475683
0.0296473554636
0.0368187266113
0.0146182734772
0.019499733976
0.02158454748
0.0349672240785
0.0
0.0294962569214
0.0622542904524
0.0472136765948
0.0389831933563
0.0409833851183
0.0527820104594
0.0220820534873
0.0155279740401
0.0127693190465
0.018318634909
0.0243964054654
0.0296457485811
0.0381981678762
0.024954330483
0.0363650784967
0.0415639823541
0.0443123158156
0.0557168388036
0.000759301442673
0.0
0.0343188541068
0.0362511994991
0.0287197997089
0.0163480848395
0.0426971223717
0.0553286212879
0.0235802109025
0.0652129477019
0.0240619918794
0.023134002905
0.016255142207
0.0
0.0531065380631
0.0166136742791
0.0463684995372
0.0193018632911
0.0106290274818
0.00629026730381
0.0257762395982
0.0173590060379
0.0
0.0170893161011
0.0167267295544
0.0
0.0130352132522
0.0129121733044
0.0242121651916
0.00517619177817
0.0488033775037
0.0416683103301
0.0220443798401
0.0068600081831
0.00847188742451
0.016402808596
0.0152358673338
0.0320160277096
1.9670925916e-19
0.000759301442673
0.00836040978545
0.024212408043
0.00853557439841
0.00836883272987
0.0307505748252
0.0175319605088
0.0108888762137
0.0605023407573
0.0169449789365
0.0210649269732
0.020283617329
0.0162712104753
0.0216334215817
0.0135035527863
0.0
0.030226401081
0.0212980032076
0.0217229764792
0.0166136737767
0.0403264813655
0.0232453814038
0.0499072114468
0.0292557498354
0.0137690323691
0.0201505108137
0.0163962896442
0.0420747570207
0.0196252932645
0.0225305156137
0.0336414443495
0.0473306264649
0.0365519983696
0.024061681838
0.0
0.0154038920281
0.0196032394606
0.0145424251806
0.00784761150961
0.0168865213399
0.00972660735981
0.0151681434589
0.0114408689729
0.0265429503953
0.00916225116738
0.0135240057026
0.0124533319096
0.0125050687243
0.0
0.0511000716954
0.0116470233696
0.0224576252386
0.0235175103626
0.00731546209724
0.00454715729133
0.0170846812028
0.000759301442673
0.00379073963689
0.0030348987401
0.0496718497073
0.000759301442673
0.0
0.018610548295
0.0168537046927
0.0174180517832
0.0165703647524
0.000759301442673
0.0146521314287
0.0100404939373
0.0185991148741
0.0166596712923
0.0099571255351
0.010156440915
0.00805487459395
0.0123586036735
0.0380322689088
0.0
0.00606637162132
0.00601479223407
0.0242198455182
0.0356799093319
0.0312575247053
0.020097047483
0.025848626466
0.00722920598753
0.00618433047828
0.040294468244
0.0376367013267
0.0219722181424
0.019270056979
0.00892646924204
0.0101252824118
0.0193106500858
0.0090780556336
0.0201608973356
0.0150896472167
0.0116156391423
0.0105975490571
0.0116167168974
0.0118244566588
0.023634490019
0.00542105069932
0.00979964944046
0.0183887468904
0.018345942348
0.015692068011
0.00541784522898
0.0204869242275
0.019462640969
0.0286235949641
0.0184817875953
0.0110522382744
0.0723723558506
0.0109507447362
0.0401854749386
0.0194966288847
0.0107636825365
0.00962675571826
0.00997273018835
0.0298301657329
0.0205554308143
0.0112335971298
0.01451827905
0.0197175405514
0.0198146679868
0.00998941972712
0.0
0.00907734675936
0.0317339754167
0.00999701246025
0.000759301442673
0.0267902292102
0.0202416124346
0.0236718231619
0.0529227570409
0.0211735479945
0.0222828298285
0.0340387363281
0.0358531251658
0.0395786583434
0.0
0.0382494773841
0.0263829587964
0.0
0.00227675081272
-2.45886573951e-19
0.013685718279
0.0310769313606
0.0
0.0377385423481
0.0134844945296
0.0325172061861
0.0387298865497
0.04745759033
0.0542596403811
0.0602530829191
0.0368973230753
0.0394406497407
0.0405675805602
0.0134718940518
0.00821109831701
0.00802626704855
0.0182345971364
0.0430619534066
0.0145118367451
0.024462430031
0.0565490798333
0.0379649419902
0.0249806299229
0.0307185476812
0.0144559953594
0.0332392565873
0.0151063284361
0.0401970774928
0.0145910790739
0.0236295277042
0.0455795513852
0.0205008572929
0.00881065973638
0.0245622628214
0.0163063047405
0.0149566576412
0.0826696966684
0.0347330093349
0.0480595996342
0.0120487403621
0.0163088523096
0.0287552277394
0.0328714626154
0.0168374795691
0.0321791165901
0.0355093559875
0.0321238316287
0.000759301442673
0.031160635909
0.0148705315004
0.0151766090405
0.0218551044276
0.0185856714991
0.0474427215791
0.0456992320756
0.018599681949
0.0475609423709
0.0374084639807
0.0395830836233
0.0231592813186
0.0446394709265
0.0235701683248
0.0656821993562
0.0415668264234
0.0145853785231
0.0215046444041
0.0528947461771
0.0172164203703
0.0441031914048
0.024749540189
0.0649761652875
0.0179376624649
0.021563393586
0.0407718176284
0.0172421079406
0.0306010093303
0.0123875053272
0.0584814300144
0.0241430821459
0.067605135978
0.0319254161504
0.0311444956174
0.0167314600781
0.0172733932328
0.0123280420213
0.0423013931957
0.0124789743857
0.0
0.0330600494525
0.0101495903142
0.0155547270969
0.0257762652403
0.0123082709029
0.0260128825399
0.0678886971923
0.0447300663486
0.0155861412197
0.0390712324127
0.0196265182252
0.012089560612
0.0386685031412
0.0120621814569
0.0117660139423
0.0
0.0672613340858
0.0122261334377
0.023056199126
0.0294765118075
0.0209180319891
0.0368571921517
0.0944111049927
0.01927210594
0.0478232530676
0.0208752751736
0.0217651455231
0.024833128749
0.0449560857841
0.00988693972147
0.0363536277361
0.0674083433171
0.0322115242737
0.0352784592355
0.0135769201947
0.0274437865341
0.0015180261277
0.0220260657988
0.0219226632831
0.0216201556641
0.062288967552
0.0319067687823
0.049899524633
0.0361706224543
0.0597517428745
0.0220148855807
0.0214865367403
0.0432858399079
0.0
0.0425878283631
0.050571285695
0.083636163222
0.0288458649557
0.0571246126147
0.0364391423712
0.00968104330603
0.018674228442
0.0354779196591
0.018315893962
0.0181092622785
0.0180543333914
0.0
0.0461392462367
0.0292184700791
0.0205608327831
0.0570947066793
0.0368794767499
0.0
0.0460076669593
0.0181511073008
0.00965244952458
0.014465389258
0.0264131156137
0.0407193443339
0.044357911859
0.0245078380999
0.0561460522285
0.0251836492893
0.0442656376686
0.0426183239845
0.0
0.0245506889645
0.0202066740249
0.0200631382646
0.000759301442673
0.0442180179209
0.0237969359773
0.0226137884249
0.0247540414374
0.0302310284546
0.0238122087038
0.0286485402842
0.0111031119236
0.0123326066956
0.0286176932085
0.0323140887132
0.00843349255268
0.0286517748226
0.0197177654184
0.0473204121174
0.0190522481348
0.0124394284982
0.0230463525684
0.0224815381059
0.0182871813242
0.0182921277133
0.0288555685708
0.0538207136106
0.0233344785085
0.0679768410496
0.0185095306517
0.0238865480489
0.0489561097269
0.0378597022706
0.0371938444835
0.0259601346371
0.0439927642741
0.0584847531311
0.0630181272116
0.0256479729465
0.0269987684921
0.0544468734955
0.0438340011774
0.0357720247569
0.018534733222
0.0693971267521
0.0299826765608
0.0183373428813
0.018353933542
0.0250223614423
0.0298463893149
0.0375523299417
0.0468051428397
0.0250653402696
0.0449538752294
0.0253125857711
0.0279373419521
0.0237669115226
0.0355103762024
0.04678141293
0.0504181968819
0.0430167536623
0.014776027109
0.0825517528694
0.0258012368863
0.032266904037
0.0
0.0446948849379
0.0425663385267
0.0365550289108
0.0212772376808
0.0647266487796
0.0161469481623
0.0142464284838
0.0161836476302
0.0399383918608
0.0157057227821
0.0327850583467
0.0235818277226
0.0181676350353
0.0288965159274
0.0156103611067
0.0290041891097
0.0472845495757
0.0575470236234
0.0637647592366
0.0180786592332
0.0463611946723
0.0520652735017
0.0449850955083
0.0446462714702
0.024686038365
0.0460363973053
0.0304930416412
0.019803396406
0.0358548610427
0.0264137435796
0.0647548857835
0.0236548120309
0.0279988525531
0.0237541363147
0.0181676450226
0.0
0.0357884848275
0.0186473467297
0.000759301442673
0.0541012540366
0.0517718132337
0.0496228917977
0.024704187527
0.0379755212969
0.022479839071
0.0346903602116
0.0187353501119
0.0328745620692
0.0483826184924
0.0499381544625
0.0525528994366
0.0561511569112
0.0254648442931
0.0015180261277
0.0299494705247
0.0318047123769
0.0556051211149
0.0366526318213
0.0197674678107
0.0517912451319
0.0502050415024
0.0477275515413
0.0184345924034
0.0696362082128
0.0327773168496
0.0347298779121
0.0373088872846
0.0453321381098
0.0186801544974
0.0535786542417
0.0346483056358
0.0422325615114
0.0295347412902
0.0198329897316
0.0584957870249
0.0618682796709
0.0411528205135
0.0086353076041
0.0471990204723
0.0214002126281
0.0296047123003
0.0295091015794
0.0212115351151
0.0159940900652
0.0132355675514
0.0163496295914
0.0479996130675
0.0163344313854
0.00914951763779
0.020349089388
0.0450821243461
0.0264229296585
0.0
0.000759301442673
0.0015180261277
0.0164175837144
0.0224514364497
0.0297214512968
0.00978479858075
0.0134832779717
0.050153050864
0.015080735792
0.0284487726691
0.00916287356664
0.0704211467328
0.0282683256936
0.0295424385715
0.0349356726491
0.00669835701804
0.0909565522741
0.00663609692671
0.0507507739273
0.028578242592
0.00682600456648
0.0285167672431
0.0330476116584
0.0330562623167
0.0229365310277
0.0328971203746
0.0236028325745
0.0213182201711
0.0278377842676
0.0413132009482
0.000759301442673
0.0229662061635
0.0357094243455
0.0329964993337
0.0304989210077
0.00883233987668
-3.60633641794e-19
0.0480688648227
0.0299683811535
0.0275300353743
0.0416793297106
0.0525031202252
0.0167869546213
0.0682787988538
0.00885264005197
0.0341733195496
0.0145528099271
0.03326530918
0.0243043098877
0.0213438787311
0.0147626454352
0.0446883994979
0.0357027759989
0.0228542255923
0.0316041199131
0.0569478799681
0.0218495811888
0.0186543031841
0.0292926250182
0.0264830491639
0.0146490063356
0.0293259889063
0.0245783883648
0.0519454635863
0.0234457285785
0.0263934467584
0.0208577532914
0.0406521465327
0.0274885896239
0.0154110986095
0.0137028507182
0.0442564539576
0.0540135425563
0.0123754576272
0.0506566725594
0.0434212376764
0.0265078552654
0.0194018709659
0.0169782433608
0.0137097715287
0.01696481304
0.0298210627211
0.0364616954234
0.0519642937936
0.0230280793519
0.0462403730421
0.0183100165565
0.0815794472482
0.029865003348
0.0339485125498
0.0284299850602
0.0193961680949
0.0147076842959
0.0445345257105
0.0183177440062
0.0146188431522
0.0212120908598
0.0356896806813
0.021117546845
0.0333295522015
0.0305207432836
0.0186219662681
0.0466072773911
0.0624009945258
0.0434472721106
0.0479053187348
0.0350152694475
0.0422621366774
0.0423436207241
0.0350626383978
0.0629443678699
0.0306506244017
0.0295925912689
0.0199156407213
0.0188353537403
0.0314347953109
0.0418636066208
0.0426138155695
0.0664759466298
0.0386383261468
0.0275632906867
0.0657809409376
0.0
0.046499966439
0.0162361356737
0.0674649881625
0.058973242033
0.0440379159178
0.0382018410548
0.0339792048137
0.0439472816281
0.0220655892443
0.0222866846246
0.0258642269048
0.0480510931072
0.0769803506014
0.0268288506469
0.0459600268453
0.0236538434306
0.0323737620578
0.0166613472531
0.0338943243676
0.0166868712847
0.0445500121397
0.02063145526
0.0167936234449
0.0217011520749
0.0273417629885
0.0144518627326
0.0572841720856
0.024325237158
0.0474303580535
0.0142877167726
0.0377842642066
0.0186079113468
0.0186423091879
0.0286918798988
0.0524944654106
0.0229679282159
0.0355561844345
-7.21267283588e-19
0.0199155380661
0.032292818187
0.0197757501568
0.0537809378852
0.0697039340174
0.0680648564931
0.0499459919074
0.0322197106955
0.0399196409787
0.0493850530644
0.0349495955644
0.0332115692005
0.0216784721813
0.0406282203451
0.0218633069228
0.0519614990224
0.0142897287764
0.0207539937108
0.0161570067225
0.0275130489312
0.016161068521
0.0159679243051
0.000759301442673
0.0159665703723
0.0152317923704
0.0313877636385
0.0437510245262
0.0165207194518
0.0109053359784
0.0396669666355
0.0667907445458
0.0220774836433
0.0143279931599
0.0166229862899
0.0205305377838
0.0143267719645
0.035139507502
0.0239056244251
0.0312750676003
0.00979151176386
-4.26203394848e-19
0.0166644853855
0.0367534609688
0.068668621733
0.0455938068005
0.0144043223722
0.0206598769679
0.0142203928373
0.0135763274108
0.0194155493778
0.0218884994424
0.0450176803846
0.0344555298241
0.0403247647377
0.014457898744
0.0237104575843
0.0132395129613
0.0309206407958
0.0131173939664
0.0144716896851
0.0598368899695
0.0503609683211
0.0130640037205
0.0411075434057
0.0130556439708
0.0196080619241
0.012543707794
0.0467327551811
0.0123682043291
0.0260011101781
0.0339452887892
0.0173811545585
0.017415305994
0.0415726876303
0.0473393354044
0.0123455707059
0.0358419846543
0.0138597476874
0.0349369371746
0.0124758069245
0.019830931612
0.0309199680334
0.0130146748053
0.030949390147
0.0128229821854
0.0182561722219
0.0416521574853
0.0107058938263
0.0578411631964
0.0178846534378
0.0145366095354
0.0312409492693
0.0199420304784
0.0191909176091
0.0152431846062
0.0117686363272
0.010640632545
0.0348435673124
0.00999477695284
0.00737441598215
0.0117177414829
0.0107314126656
0.0182071961739
0.0151768797083
0.0099536022639
0.0082845408116
0.0133190352548
0.0178240242968
0.00991620305148
0.0148456792712
0.0421805686468
0.0474603901977
0.0192409382606
0.0434901948634
0.0294404660661
0.00999477695284
0.0201471702947
0.0118542893417
0.0119529407668
0.0717661039611
0.0238562991282
0.0519548463944
0.0211258914358
0.0414703939397
0.0296376512755
0.0
0.0113231809991
0.053726730742
0.0826615576379
0.0100856952729
0.0458950180215
0.0581253941235
0.0364575784816
0.0407210569924
0.0202251257237
0.0202541022479
0.0127238950749
0.0317479596329
0.0132509165319
0.00924616550174
0.0274022689048
0.00885808390381
0.0470351867494
0.0540161196108
0.0351886838004
0.028653261966
0.00913193788873
0.0240300942841
0.0150929030993
0.0155102743084
0.0564886801478
0.0133354850203
0.01357274072
0.0222751613528
0.0313984038055
0.0381052443104
0.0149922377177
0.0406630057311
0.025991387131
0.00893540101841
0.00878774542696
0.0284209374525
0.0290618531421
0.0120034025707
0.00878414400388
0.0357936659178
0.0188770457824
0.0367445421105
0.0299449072149
0.0179436226172
0.0179700863118
0.0175614055937
0.0321110261552
0.00879239445814
0.0391632003435
0.0113373746226
0.0341523871136
0.0123050145263
0.0202018009219
0.0206100066646
0.0200214678591
0.00986166553626
0.0429078493203
0.059568025446
0.0404861364035
0.0219807683917
0.0336359000451
0.0089601523812
0.029291381197
0.0163084822825
0.0262118083903
0.020185104006
0.040635193508
0.00865170908103
0.0162075180265
0.0639668893503
0.0145184804391
0.0289420968216
0.0576288142274
0.0208131195866
0.031867574653
0.0
0.026771182176
0.0340217168656
0.0493572760129
0.038572072644
0.0143841920823
0.0188563438649
0.0336766135706
0.0283591132403
0.00928741777305
0.0427614939843
0.0379045813274
0.0369298150186
0.0132021927229
0.0189241287387
0.0284201890649
0.0112118030503
0.0358160114134
0.0178178409749
0.0434032990975
0.020988173297
0.0148932134514
0.024718069557
0.0143153466431
0.0143215955657
0.0112732741334
0.0286745054414
0.0311231766107
0.015512149022
0.0690123944378
0.0110884367784
0.0429723693508
0.0567846851838
0.0350358335974
0.0296222368421
0.0234556127758
0.0257518354835
0.0149666529172
0.0100264731516
0.0129728829432
0.0111201418847
0.00442300083874
0.020715028024
0.030329535405
0.0244799272754
0.0141120018551
0.0408612410163
0.021498272899
0.0415744074634
0.0399080445327
0.0496628867321
0.0187314103873
0.00451950176143
0.0175300095912
0.0154240543715
0.0121992708926
0.0210327415018
0.0196459260208
0.0272934835783
0.0393785119932
0.0162345579186
0.036579549362
0.0254428782452
0.0243070133311
0.0141021517447
0.0237932766782
0.0212502153287
0.0446102783808
0.0142246514741
0.00997506865233
0.00988757417061
0.0308714469229
0.0250733250315
0.0137047854517
0.000759301442673
0.0181960418308
0.0199496301287
0.0354484154374
0.0244619384021
0.0210116017548
0.027008462507
0.0235140866022
0.014374892391
0.0124255843195
0.0479708882187
0.0452406239463
0.0135954775019
0.0287228242465
0.0485042475482
0.0381582579539
0.0446483903831
0.0296055872008
0.0315934381842
0.0331604440034
0.0
0.014875634371
0.0333557408536
0.0286888576049
0.0337636187427
0.00641302764312
0.00969968238009
0.0278443437773
0.0315274015786
0.012428006918
0.0134997933574
0.0247123148819
0.0206687926115
0.0315042980857
0.020729999587
0.0540326275565
0.0288991974943
0.0233223848642
0.0231520859622
0.0135455120107
0.0231764590151
0.0422899656855
0.0314217860563
0.0294471983606
0.0548407732925
0.0223069790101
0.0210935199199
0.0293927556593
0.0121821633207
0.00887432901538
0.026812004424
0.0166638231775
0.0293327180206
0.0318151571034
0.0548380793476
0.0321082110691
0.0232621716942
0.00863214917358
0.015803086808
0.0588956284251
0.0603276091214
0.00925925040012
0.0309772534599
0.0115588296769
0.0380360650704
0.00974512868309
-9.17976542749e-19
0.0408646035988
0.00859504028318
0.0087630023442
0.0114279908777
0.0115630414076
0.0363043227544
0.0240981122085
0.0278251838255
0.0402309810874
0.0222127192813
0.0199007706248
0.0324172306821
0.0178587010242
0.0186571643504
0.0122247141274
0.0249689516778
0.034416764799
0.0276147343335
0.018701402573
0.0302465847679
0.0253360410186
0.0178342460004
0.0342644891191
0.0320185102497
0.0179934727983
0.0249849750884
0.0394318279883
0.0449873963395
0.0226606004548
0.018674235239
0.0271859089159
0.0396836878893
0.0270609266388
0.0103014232198
0.0186042250985
0.00327236630083
0.0113942854615
0.0113246572195
0.0159341132994
0.0320673863086
0.0227428640204
0.0224069944233
0.0242578204567
0.0435581055842
0.0454391095334
0.0187292161471
0.0179324624364
0.0411300294951
0.016292789884
0.0419630734374
0.0351116438782
0.0163216184814
0.0347418789738
0.0226244797822
0.0226332256106
0.0295916981686
0.0372712505395
0.0319802659633
0.0267161159604
0.0
0.0251671381889
0.0228881231806
0.0111655747394
0.0321652897674
0.0291670564282
0.0286818005133
0.0144129914668
0.034732166746
0.0286659423346
0.0370356613262
0.0
0.0312523102483
0.0531710547899
0.0
0.0186466177434
0.0139980467906
0.0344777005676
0.0325262258032
0.0336892164565
0.0140213563568
0.0167595458828
0.0312689728001
0.0259599370006
0.0320818742341
0.000759301442673
0.0451900912567
0.0251779249506
0.0113993324883
0.0482025578784
0.0171880068785
0.0221212032279
0.0304223833879
0.0348611211279
0.0379317304812
0.0175161288603
0.0383547296058
0.0482089189723
0.0277590606849
0.0349997779762
0.0171705042551
0.0229949442013
0.0222545001372
0.0498384902446
0.0113847791663
0.03467596722
0.0253089837403
0.0349880231483
0.0513914634376
0.0316272414438
0.0173321825128
0.0268356803307
0.0413836837582
0.0302614913525
0.0355565515793
0.0321508084843
0.016136113234
0.00989449658164
0.0205003668594
0.0255634724286
0.0208085364874
0.0
0.0346036610539
0.000759301442673
0.0375596650276
0.00616114368035
0.0256639945889
0.0348871058128
0.017196758052
0.0319419450967
0.0245573569052
0.0175803566895
0.0272648922309
0.0366601993625
0.00978717020216
0.0352838853222
0.0290386374345
0.0238557373899
0.00972133246485
0.0200551333594
0.0147887365272
0.0271171138675
0.0341809468559
0.0147288339588
0.0217792997006
0.0248795974588
0.0175453141608
0.0175243260582
0.0253550333173
0.025051304198
0.0380848583075
0.0108130210566
0.0407472214388
0.0062264897712
0.0106970816358
0.0374404049579
0.0107899021946
0.0284726091279
0.0200842622614
0.0170216908828
0.0199801372331
0.0165382104855
0.0424909674887
0.0280411334323
0.0157591249401
0.0281533335119
0.0187790009041
0.0442159948701
0.032428423767
0.0448990435708
0.0414389693399
0.00754978594968
0.0395955560282
0.0172519216391
0.0837232521926
0.0
0.0434358646193
0.0412159849981
0.0290106439035
0.0614842953674
0.0374527525
0.0180456246127
0.0557306649098
0.0115013932633
0.0114876233679
0.0156593970847
0.0252903364504
0.0289456959502
0.0193224150239
0.0204696011142
0.00745577895037
0.0425221929965
0.00997960790652
0.0190408573691
0.0150864587491
0.019218694558
0.0323690111855
0.00756187846943
0.0267033811069
0.0193643545096
0.0170558576835
0.0183333030987
0.0153902811893
0.0150702252266
0.0280144252139
0.0345434217537
0.0231366510034
0.0382987855221
0.0643539697274
0.0274213625303
0.0412274387818
0.0395636415682
0.0115987743595
0.0114966345045
0.0489528169851
0.0230680878125
0.0289798608546
0.0371596675157
0.0339297989017
0.0435949730024
0.0180084275044
0.0785928672776
0.0336034890416
0.0432441865241
0.0191283838408
0.020498909434
0.0382307605695
0.0532852719368
0.0351181274285
0.0347174115729
0.0187798286597
0.0187040154841
0.0187910250539
0.022402957367
0.0331606573799
0.0351387782846
0.0190184645808
0.00986055672834
0.0115732623403
0.0107329225603
0.0228347159662
0.0143600651558
0.0152498943954
0.0179625764718
0.0180820830551
0.0562459882577
0.0218686119123
0.0318268650315
0.0296467886319
0.0344072890378
0.0209165599769
0.0208681800084
0.0435413819154
0.0550474150204
0.014196411438
0.0253884339905
0.0108644993147
0.0114824090491
0.0249695345425
0.0137101017669
0.0321490103624
0.0409078016217
0.0178516375386
0.0231734562067
0.0264898276211
0.0396570960352
0.0229803600869
0.0308946132459
0.0255811568729
0.0169494834993
0.0228894633123
0.036560419937
0.0161152838919
0.0158868269972
0.0105929066591
0.0159843520319
0.0161054486827
0.0266997385562
0.0300958430624
0.0363854755707
0.0227345992699
0.0531277497552
0.0230123793459
0.00300830254321
0.0327275096403
0.0309151279199
0.015462833783
0.00347097093983
0.0153450593291
0.0136846106097
0.0154782288856
0.0106731348627
0.0105811958982
0.0264737082205
0.0230378116467
0.01787798319
0.0223506687417
0.0373097257499
0.0227371873026
0.0191086312152
0.0164687737952
0.0128925185427
0.0224073472301
0.0262345813004
0.0432255890666
0.0144542495219
0.0216788756844
0.0143393955415
0.012831433672
0.0129701183831
0.0232536763163
0.0198198846291
0.0449975446142
0.0241376403329
0.0216802596187
0.029266757452
0.030781028638
0.0262706434198
0.0146759659404
0.0145284710088
0.043593751921
0.0165756939096
0.0261241149993
0.0271415006531
0.0144657998752
0.0248429246049
0.0289383635654
0.0308211031874
0.023232310374
0.00295700588606
0.00341731824136
0.0309411158578
0.0142910913982
0.0361152180979
0.0062085440642
0.00571695612777
0.029847029378
0.040369258548
0.00717494342506
0.0261303104915
0.00888681660438
0.0376610066269
0.0291712758898
0.0588107555792
0.0326387362818
0.0262685285252
0.0327423175045
0.038472022427
0.0183655074097
0.0262321446963
0.0467598405181
0.0209215626454
0.0308728504887
0.0170363485457
0.0338828050273
0.0424796299794
0.0280999638848
0.0420865076181
0.0137521933293
0.0354182818516
0.0142936172513
0.0404464080811
0.0344787533758
0.0260344045012
0.0152873531194
0.0426265359304
0.0152873531194
0.0312822964463
0.0362297268059
0.0310905729604
0.0271088299915
0.0328830068393
0.0
0.0466399944443
0.048285695451
0.0246858263675
0.019189016398
0.0134459928443
0.0406716963031
0.0296214945585
0.0288327205085
0.032501967685
0.0415314705212
0.0192585322592
0.0183189797779
0.0124318870291
0.0214917868796
0.00840839546237
0.00489461175433
0.0184034424663
0.0136358684584
0.0369587807896
0.0409091127425
0.0591416260155
0.026149970019
0.0196623216507
0.0249080868843
0.0310866360641
0.0161080121392
0.030616436486
0.015547001477
0.0195214966093
0.0615174887574
0.0473631921981
0.0192097519067
0.0181277033891
0.00555733519603
0.00798460462912
0.0462831433373
0.0466116594556
0.0248750128606
0.0228625138308
0.0311090549716
0.0314596222616
0.0263233770919
0.0438766153473
0.0290794553074
0.0212892195676
0.0423832664209
0.0532882164806
0.0335021327273
0.012862576751
0.0473255192071
0.0221988997162
0.0325561554039
0.0566870633067
0.065046092428
0.0126142538368
0.0121374518107
0.0229531400179
0.0193771269805
0.00695246982633
0.0120639126756
0.00670027559479
0.026372157485
0.0643943228952
0.00818114911678
0.00714385236907
0.00783010037602
0.0393645448636
0.0213038088947
1.18025555496e-18
0.0181760731381
0.0157264611822
0.0305901526251
0.0160068517739
0.0179662764282
0.0202323738822
0.0645105108945
0.0108973241503
0.0440395267505
0.0202388679948
0.0352388509791
0.0354357101948
0.0223022772145
0.0219362824152
0.0203427187031
0.0502257256419
0.0850741699131
0.0453689837977
0.0580373765324
0.0177288970375
0.0720602645542
0.0272989989193
0.0266552767591
0.0091397487552
0.0176586907698
0.0298988923592
0.058947345794
0.0391537045814
0.0164455995814
0.0483950732397
0.0130150167194
0.0646392086519
0.0211551346126
0.0684181473723
0.042965135744
0.0531374077664
5.90127777481e-19
0.0295316017982
0.0525408500064
0.0403815949021
0.0519636037084
0.0503515339019
0.0278962558567
0.0148409604314
0.0114382624609
0.0286495521457
0.0433979991651
0.0290516929057
0.0318011889008
0.0241113624193
0.0248006186149
0.0140100735932
0.0113171248576
0.0138939475711
0.0142016891007
0.0164375451718
0.0114260814434
0.0299342617683
0.0182314363426
0.0127614582107
0.0303652715243
0.0479048523509
0.0283567103052
0.0120527104868
0.0214822897042
0.0297829526716
0.0143667239605
0.0126653880863
0.0236483672158
0.0278660319095
0.00998926378889
0.00981824546383
0.0163123462866
0.00974407152477
0.0301239573921
0.0283739758528
0.018199460028
0.0164044683409
0.0611578163324
0.0424474673786
0.0446885809433
0.0242327222117
0.0234800431926
0.0177562786667
0.031893055384
0.0552585641374
0.00763985896739
0.00980520022323
0.0178185889679
0.0106208263593
0.0104780936949
0.0189799096179
0.0100376690597
0.0175963619068
0.0455523164852
0.00665053432823
0.0368647091496
0.0175327788446
0.0176278397815
0.0160056413099
0.0326989901723
0.0178815447173
0.0122322452634
0.0312503805262
0.0330168299951
0.0283313643966
0.018545760602
0.0368534051601
0.0172063210829
0.013822476019
0.0255221527106
0.0147249533351
0.0343802383113
0.0286150721428
0.0371443237294
0.0254236172839
0.0101185894141
0.00656140350441
0.00767249497689
0.0133720063483
0.0233217210025
0.0179791510638
0.055415663429
0.0218111826965
0.0322999066817
0.0346807258534
0.0121413055808
0.021736715387
0.0447794919973
0.0476601259669
0.00897307819788
0.014712951784
0.0278506026116
0.0285599753589
0.0279076685707
0.0268714973555
0.030910034429
0.00671880769911
0.0148529060526
0.025673139925
0.0216009854506
0.036606962087
0.0172180908325
0.0411439975749
0.0
0.032955518187
0.0604674379991
0.0130134320047
0.0
0.0287887979722
0.0158235777101
0.0452555417878
0.0337932294057
0.0433740089842
0.0190539886791
0.0114630170008
0.0326309008358
0.0637508803045
0.0659535638268
0.0736104738962
0.0484874716539
0.0301598032327
0.039051209031
0.0407311581515
0.0222546024463
0.030604089273
0.0157018569633
0.0350106764371
0.0304723847985
0.0311826254489
0.0229364221862
0.0218362595042
0.016451894199
0.0153189291545
0.0154378697655
0.0164464094135
0.0745450163724
0.0229421823533
0.036123970128
0.0328368163477
0.0228750815362
0.0342291217927
0.0360304299841
0.0393681728351
0.0759546523798
0.0414494495524
0.0188534281021
0.0189055812266
0.0302618798533
0.0134194458866
0.0133273076485
0.0134611564468
0.0323804050838
0.0374303687221
0.0350252332426
0.026843408009
0.0189218616959
0.0444477966119
0.0744544907508
0.0420540416714
0.0115527387412
0.0269070557163
0.0270139164327
0.044159890555
0.0404531138207
0.0495080761336
0.0326808488256
0.0224320295145
0.0224333400473
0.0373701233952
0.0157992019658
0.0282435700985
0.01518112857
0.0148677178077
0.0398062900652
0.0180877227053
0.0218466564702
0.0147020947845
0.0146842595006
0.038672948571
0.018918879867
0.0148142119559
0.0181017717583
0.0179804573921
0.0256941457889
0.0180893933974
0.0254571050588
0.0350149207271
0.0122846164765
0.00151831450652
0.0295474129605
0.0404844156279
0.0162465065645
0.0352176532961
0.0408990421171
0.0350888929115
0.0272674766498
0.0150919521505
0.0331153252576
0.0356502932735
0.0285809056096
0.0325815791438
0.0403151704983
0.0162327726595
0.0373730984579
0.0328540140727
0.0457746905034
0.0085281174771
0.00864588576026
0.0245579324647
0.0
0.0427017248101
0.0330009273484
0.0257532434798
0.00943955207731
0.029740804406
0.0330184573389
0.0537126499796
0.0233681519903
0.0213849665738
0.0504435983274
0.0
0.0271365334738
0.102335777796
0.0190481637589
0.030577340666
0.0493495114361
0.0309811071536
0.0273422145275
0.047379935817
0.026903052397
0.0256060438677
0.0393455873807
0.0740219210461
0.04900610858
0.0267010000573
0.0530659388209
0.0257180591929
0.035857897737
0.0257593535522
0.0269001577475
0.0482239544387
0.047179499362
0.0241774081786
0.0186340712544
0.0396087365796
0.0295259174689
0.0271840883224
0.0195549808501
0.0390810235194
0.0200736678349
0.0305140514542
0.0115063397189
0.053872376345
0.0696554005287
0.018622427655
0.0450094755692
0.0282365992804
0.0335044851657
0.0522901700197
0.033546543757
0.0332881901018
0.0233949011643
0.0248166282073
0.0351959877752
0.0319632471444
0.0352800154031
0.047236151434
0.0507377212178
0.0392130039165
0.0279664486167
0.0335319470872
0.0514335235829
0.0438961170809
0.0230836989906
0.0127107554067
0.0
0.0324135689724
0.0415175997838
0.0279240095967
0.0287114519453
0.0328971748308
0.0122811502221
0.0392551853665
0.0253827970061
0.0578674079396
0.0263665216649
0.0199355210844
0.0686237437423
0.029413869808
0.033395107382
0.0736041312332
0.0111202083046
0.0173726634194
0.0200286504182
0.022767658081
0.0112804732494
0.0172528507395
0.0112557092288
0.0316268822655
0.0367639606389
0.0114320476571
0.0109422356893
0.0209327069256
0.0390494728904
0.0278537042933
0.0326654739064
0.0229199218918
0.029369936054
0.0162158006327
0.0276612172947
0.0295220054338
0.0373094636339
0.0198358859735
0.0140929056025
0.0207956093538
0.0421885803318
0.0229429423423
0.0142407676301
0.0142973593235
0.0365207195026
0.00630282128844
0.020546186611
0.022566532193
0.028276724848
0.0298994205546
0.011140860523
0.0214283489232
0.00898419069949
0.0272786996239
0.0245116936892
0.0246457430996
0.0102921874819
0.0300993570722
0.0138375730927
1.04911604886e-18
0.0254103948366
0.0117728526274
0.00928095222667
0.0202953862791
0.0268040671661
0.0311702890537
0.0376166188771
0.0221706336454
0.0185036144605
0.0364133298054
0.0374730885702
0.0418850318359
0.015124668389
0.0292766927047
0.0381194755838
0.0255465354959
0.0414600376429
0.027363472807
0.0273048366061
0.0218304410178
0.0183062670917
0.0229035698679
0.0276974668106
0.023034642919
0.0398859464236
0.0234733415126
0.0211668989168
0.0232728490749
0.0118445536425
0.0110072341054
0.0108936740149
0.0232117931591
0.0137371070498
0.00891144214745
0.0323456854234
0.0236706863621
0.0260285589217
0.00730358137432
0.0232901737653
0.0235079908934
0.0149591794785
0.0522477975408
0.0159356136987
0.0238652445435
0.0361020667504
0.04025269481
0.0133140069844
0.00722465124601
0.0206463077593
0.00864751494847
0.0420636196993
0.00735491839055
0.0
0.0107135844166
0.0390319234539
0.020880582777
0.0189371171373
0.0140065220004
0.0378504715917
0.0201531691954
0.0161304038753
0.025895002809
0.0419067443914
0.0280127912477
0.0185407927842
0.0540460718635
0.0383142907179
0.0330215984254
0.0565215956606
0.0657657522763
0.0312222430366
0.00886890825678
0.0265151985842
0.0270334024235
0.0492534607294
0.0337973600473
0.0235392017201
0.0172485902145
0.00193737351095
0.0060109607438
0.0266820849843
0.0236876436046
0.00555174494003
0.00793899355993
0.0117733535963
0.0140845892472
0.0474231892175
0.0160918274158
0.0109930505975
0.0109564968291
0.0193641068691
0.0
0.0176767541711
0.00749608837685
0.017196204027
0.0276864911373
0.0291691519415
0.0290482789512
0.0207921267121
0.00746899320253
0.0233220972083
0.0288616123778
0.0111838918562
0.014545354872
0.032161950765
0.0327039044617
0.0399070443263
0.0206286359803
0.0239706000727
0.0411436119309
0.0259450356094
0.0310435060146
0.0155703007354
0.00900142931452
0.0379402291169
0.044349973636
0.0171177416072
0.00391306644076
0.0191067683977
0.00406404727778
0.00658476976945
0.00487852603066
0.00817967085585
0.0113216622072
0.0253115936261
0.015459030368
0.00819507947987
0.0110840951006
0.011042343966
0.0219487970504
0.0109640407494
0.008342329149
0.0347683825425
0.00813572326918
0.0050268276217
0.0110413424434
0.0182904541743
0.0113652800968
0.0411703609595
0.0372925633258
0.0115161072031
0.0
0.0174255641656
0.00723823743647
0.00675338201581
0.00412101627835
0.0150640004162
0.00688646321637
0.0135258495326
0.0108819484355
0.00827836589544
0.0169655843515
0.0307108201587
0.0173270434736
0.0650668145596
0.0319285122838
0.072466754329
0.0340604747968
0.0447942004921
0.0588400427154
0.0206620828055
0.0409441841178
0.0277700631907
0.0332158055897
0.0188466964961
0.0436058364239
0.0109856755899
0.025502617534
0.0089895227758
0.0111865310947
0.0618331460047
0.0472280412475
0.0464504857041
0.0187151870265
0.0355753185006
0.0572754528306
0.0452680385948
0.0471156773696
0.0697634404282
0.0474007952818
0.0252251026431
0.038022390174
0.0249942256505
0.00789568609204
0.0
0.00814727179691
0.000759301442673
0.0194176458041
0.0174034362522
0.00698308146097
0.0300703525225
0.00627386917089
0.0195719079354
0.010395475103
0.0102518944398
0.0
0.000759301442673
0.0103331555984
0.0100287752937
0.0178308731041
0.0181164146097
0.0124818397107
0.01908724188
0.0249815398384
0.0215769388097
0.0208930732042
0.0213878680632
0.0209743350311
0.0106067025652
0.0121078168396
0.0216530643849
0.012720045214
0.0123391056678
0.00641925628565
0.00635591335792
0.0101100198991
0.00690945894883
0.010820776107
0.011329520352
0.0124951436404
0.00693924003888
0.00979448604438
0.00876766325947
0.0132318669587
0.00754437450971
4.30137580031e-17
0.00749303438239
0.0136034590549
0.0156022691195
0.0125731463677
0.0102383103529
0.0084075145233
0.00671181567801
0.0137441251138
0.00908164306731
0.0315167948518
0.0439759503214
0.00874888077091
0.00721025518962
0.0116949130694
0.0156804046051
0.0094800377553
0.0191408307818
0.011685860853
0.0173963817363
0.0196462686604
0.0177293297581
0.0102612942532
0.00949240653306
0.0216308342739
0.0213992930705
0.0150658925582
0.0115835405068
0.0214651657202
0.0249080906588
0.0254454578671
0.0396167687125
0.0213407803726
0.0149031200466
0.00957404299562
0.00768797555425
0.0213603894647
0.0255923200167
0.0372443653181
0.0101758261971
0.00941186634458
0.0121855158052
0.0150898524215
0.0200751241257
0.012225280231
0.01014432679
0.0101492546576
0.0145549624087
0.0199960805534
0.0141947244014
0.0197816151738
0.0194972884962
0.0120252162172
0.0340114209351
0.025191420146
0.00489803262326
0.00467197018286
0.0097367713768
0.0118616764922
0.0177430893122
0.0145166167881
0.0324208849173
0.0315685345928
0.0314756514519
0.0193618015879
0.0104034522027
0.00747682449772
0.0193751544489
0.0175361120641
0.0317847062279
0.0453278972661
0.0141451375367
0.0176033417795
0.0145793118385
0.0224219877493
0.0212510353989
0.00948413789094
0.012135157396
0.00479226811469
0.0197376740882
0.0339128910019
0.013733465297
0.0125092304544
0.0177486821393
0.0343521159699
0.0218868132304
0.0190490548417
0.0195373470792
0.0135824715631
0.0255974660172
0.0252089448327
0.00975064339562
0.0179533354518
0.0397337162454
0.0146737095663
0.0334965552
0.0149223657231
0.0212006362674
0.00479269952038
0.010764332115
0.0145427201984
0.00940355948167
0.0107549765372
0.0357304605692
0.0334834654885
0.0150984679594
0.0312372403062
0.0198483794789
0.0337631816417
0.0335723409691
0.0222626553609
0.010866757869
0.0136533867904
0.0108003916736
0.033642251753
0.0341052789312
0.0255335456028
0.0231450828949
0.0409629411845
0.02226703374
0.0192291328861
0.0150344917177
0.0118166988772
0.0121175206091
0.020937750506
0.03545335952
0.0377015277103
0.0415015640678
0.0376938497677
0.0281494441348
0.00782461830684
0.012462807137
0.0382318948909
0.00692517894789
0.0366471490359
0.0425526795508
0.00990912745627
0.026372978505
0.0257682982154
0.0258291569352
0.0208470942152
0.0283842543342
0.00680826877316
0.024122360168
0.0420888464763
0.0210966791366
0.0167178810703
0.00963500835812
0.00822200244972
0.00859431061225
0.0122396092986
0.0209286673949
0.00685952466544
0.0124006579404
0.0297762493055
0.0203447916252
0.00908212803738
0.0165555090042
0.0133639970068
0.0107690748959
0.019318790513
0.0133058398766
0.00707894662472
0.0106119102961
0.0212243006063
0.0320682541322
0.0128680673562
0.0210852632669
0.0165657307268
0.034546868216
0.0127863180348
0.0106720963497
0.0187234719964
0.0145783965001
0.0015180261277
0.0165718624176
0.00534611427466
0.00586967075943
0.000759301442673
0.0185622464777
0.0118259864968
0.0116756811179
0.0154593187029
0.0116666044724
0.018386479731
0.0134844723523
0.0135793504384
0.0132885846322
0.0148040412314
0.0128762821081
0.0137200085666
0.00885321824976
0.000759301442673
0.0
0.000759301442673
0.00810369007829
0.0091794425603
0.00809153555345
0.00911866993609
0.00874382752617
0.000759301442673
0.000759301442673
0.00227617405508
0.00869866817923
0.000759301442673
0.0
0.00151831450652
0.0173049353804
0.0238057065901
0.0165501569973
0.00227675081272
0.00851202714756
0.0126879197987
0.011897541624
0.022607360023
0.0222187676703
0.000759301442673
0.0
0.0
0.0
0.0
0.0
0.0
0.0
0.0
0.0
0.0
0.000759301442673
0.0
0.0
0.0
0.0
0.0
0.0
0.0
0.0
